Model: large_layers_left_pyramid_500_0.0001_Adam.pt
MSE: 0.5407138466835022
R^2: 0.9945800304412842
MAE: 0.35791170597076416
CV: 1.0489925146102905
Count: 3