Model: large_layers_right_pyramid_100_0.0001_Adam.pt
MSE: 0.9276078939437866
R^2: 0.9907019734382629
MAE: 0.6213605403900146
CV: 1.373949646949768
