Model: large_layers_block_500_0.0005_Adam.pt
MSE: 0.8526208996772766
R^2: 0.9914535880088806
MAE: 0.5738022923469543
CV: 1.3172450065612793
Count: 1
