Model: large_layers_right_pyramid_500_0.0001_AdamW.pt
MSE: 0.5914849042892456
R^2: 0.9940711259841919
MAE: 0.42658278346061707
CV: 1.0971360206604004
Count: 2