Model: large_layers_diamond_100_0.001_Adam.pt
MSE: 1.772157073020935
R^2: 0.9822364449501038
MAE: 1.02981436252594
CV: 1.899064302444458
Count: 3