Model: large_layers_diamond_250_5e-05_Adam.pt
MSE: 0.5770317316055298
R^2: 0.9942160248756409
MAE: 0.3825136721134186
CV: 1.0836485624313354
Count: 2