Model: large_layers_diamond_250_5e-05_AdamW.pt
MSE: 0.5711048245429993
R^2: 0.9942754507064819
MAE: 0.3739311695098877
CV: 1.0780689716339111
Count: 3