Model: large_layers_left_pyramid_250_0.0001_AdamW.pt
MSE: 0.5292876362800598
R^2: 0.9946945905685425
MAE: 0.3621654510498047
CV: 1.0378497838974
