Model: large_layers_right_pyramid_500_5e-05_Adam.pt
MSE: 0.5178306102752686
R^2: 0.9948094487190247
MAE: 0.348373681306839
CV: 1.0265556573867798
Count: 2