Model: large_layers_block_500_5e-05_Adam.pt
MSE: 0.5128126740455627
R^2: 0.9948596954345703
MAE: 0.35149115324020386
CV: 1.0215697288513184
Count: 3