Model: large_layers_block_250_5e-05_AdamW.pt
MSE: 0.7055389285087585
R^2: 0.9929279088973999
MAE: 0.47942546010017395
CV: 1.1982545852661133
Count: 1
