Model: large_layers_diamond_250_0.001_Adam.pt
MSE: 0.7723035216331482
R^2: 0.9922586679458618
MAE: 0.5276764631271362
CV: 1.253668189048767
Count: 2