Model: large_layers_right_pyramid_500_0.0001_Adam.pt
MSE: 0.7592154741287231
R^2: 0.9923898577690125
MAE: 0.5286701917648315
CV: 1.2430000305175781
Count: 1
