Model: large_layers_right_pyramid_500_0.001_Adam.pt
MSE: 0.6961748600006104
R^2: 0.9930217862129211
MAE: 0.48051947355270386
CV: 1.1902762651443481
Count: 3