Model: large_layers_diamond_500_5e-05_AdamW.pt
MSE: 0.5920244455337524
R^2: 0.9940657019615173
MAE: 0.3951864242553711
CV: 1.0976362228393555
