Model: large_layers_block_250_5e-05_Adam.pt
MSE: 0.7342492938041687
R^2: 0.9926401376724243
MAE: 0.49594318866729736
CV: 1.2223916053771973
