Model: large_layers_diamond_100_0.001_Adam.pt
MSE: 1.8803774118423462
R^2: 0.9811517000198364
MAE: 1.0833102464675903
CV: 1.9561903476715088
Count: 1
