Model: large_layers_right_pyramid_250_0.001_AdamW.pt
MSE: 1.0699785947799683
R^2: 0.9892748594284058
MAE: 0.6935523152351379
CV: 1.4756256341934204
Count: 3