Model: large_layers_right_pyramid_100_0.0001_AdamW.pt
MSE: 0.8653250336647034
R^2: 0.9913262724876404
MAE: 0.6011590957641602
CV: 1.3270223140716553
