Model: large_layers_right_pyramid_500_0.0001_AdamW.pt
MSE: 0.8368529081344604
R^2: 0.991611659526825
MAE: 0.5723202228546143
CV: 1.305008053779602
Count: 1
