Model: large_layers_left_pyramid_250_0.001_AdamW.pt
MSE: 0.6848660111427307
R^2: 0.9931350946426392
MAE: 0.4537627398967743
CV: 1.180569052696228
Count: 1
