Model: large_layers_right_pyramid_250_0.001_Adam.pt
MSE: 1.9798588752746582
R^2: 0.9801545143127441
MAE: 1.1670609712600708
CV: 2.0072696208953857
Count: 1
