Model: large_layers_right_pyramid_500_0.0005_AdamW.pt
MSE: 0.9358733296394348
R^2: 0.9906191229820251
MAE: 0.6178286075592041
CV: 1.3800573348999023
