Model: large_layers_diamond_100_0.0005_Adam.pt
MSE: 0.7915034890174866
R^2: 0.9920662045478821
MAE: 0.5211306810379028
CV: 1.2691560983657837
