Model: large_layers_right_pyramid_100_5e-05_AdamW.pt
MSE: 0.8364677429199219
R^2: 0.9916155338287354
MAE: 0.5754196047782898
CV: 1.304707646369934
Count: 1
