Model: large_layers_right_pyramid_100_5e-05_AdamW.pt
MSE: 0.7680196166038513
R^2: 0.9923015832901001
MAE: 0.5514144897460938
CV: 1.2501863241195679
Count: 2