Model: large_layers_diamond_500_0.001_Adam.pt
MSE: 0.8124458193778992
R^2: 0.9918562769889832
MAE: 0.5635901689529419
CV: 1.2858366966247559
Count: 2