Model: large_layers_right_pyramid_100_0.0005_AdamW.pt
MSE: 2.5648326873779297
R^2: 0.9742909073829651
MAE: 1.361680269241333
CV: 2.284641742706299
Count: 1
