Model: large_layers_right_pyramid_500_5e-05_AdamW.pt
MSE: 0.6903220415115356
R^2: 0.9930804371833801
MAE: 0.4753374755382538
CV: 1.1852623224258423
Count: 1
