Model: large_layers_right_pyramid_500_0.001_AdamW.pt
MSE: 0.8148455023765564
R^2: 0.9918322563171387
MAE: 0.536051869392395
CV: 1.2877342700958252
Count: 3