Model: large_layers_left_pyramid_500_0.0005_Adam.pt
MSE: 0.6670535206794739
R^2: 0.9933136701583862
MAE: 0.46057116985321045
CV: 1.1651153564453125
Count: 1
