Model: large_layers_block_100_0.0001_Adam.pt
MSE: 0.6046180129051208
R^2: 0.9939395189285278
MAE: 0.39837124943733215
CV: 1.109249234199524
Count: 3
