Model: large_layers_left_pyramid_500_5e-05_Adam.pt
MSE: 0.5406568646430969
R^2: 0.9945806264877319
MAE: 0.38490527868270874
CV: 1.048937201499939
Count: 1
