Model: large_layers_left_pyramid_250_5e-05_Adam.pt
MSE: 0.508410632610321
R^2: 0.9949038624763489
MAE: 0.3656003773212433
CV: 1.0171756744384766
Count: 1
