Model: large_layers_left_pyramid_500_0.0005_AdamW.pt
MSE: 0.6621851325035095
R^2: 0.9933624863624573
MAE: 0.4650619328022003
CV: 1.160856008529663
Count: 1
