Model: large_layers_block_100_0.001_Adam.pt
MSE: 3.0063490867614746
R^2: 0.9698653221130371
MAE: 1.4465458393096924
CV: 2.4734795093536377
