Model: large_layers_block_500_0.0001_AdamW.pt
MSE: 0.8373124003410339
R^2: 0.9916070699691772
MAE: 0.5947872996330261
CV: 1.3053661584854126
