Model: large_layers_left_pyramid_100_0.0005_Adam.pt
MSE: 0.6754879951477051
R^2: 0.99322909116745
MAE: 0.4847024977207184
CV: 1.1724584102630615
