Model: large_layers_right_pyramid_250_5e-05_Adam.pt
MSE: 0.5799748301506042
R^2: 0.994186520576477
MAE: 0.39072728157043457
CV: 1.0864084959030151
Count: 2