Model: large_layers_right_pyramid_500_0.001_Adam.pt
MSE: 0.8124651908874512
R^2: 0.9918560981750488
MAE: 0.5600209832191467
CV: 1.285852074623108
Count: 1
