Model: large_layers_left_pyramid_500_5e-05_AdamW.pt
MSE: 0.517821729183197
R^2: 0.9948095083236694
MAE: 0.35212063789367676
CV: 1.0265467166900635
