Model: large_layers_block_500_0.0001_Adam.pt
MSE: 0.6209027171134949
R^2: 0.993776261806488
MAE: 0.3941519558429718
CV: 1.124088168144226
Count: 3