Model: large_layers_left_pyramid_500_0.0001_AdamW.pt
MSE: 0.5496448278427124
R^2: 0.9944905042648315
MAE: 0.3865528404712677
CV: 1.0576200485229492
Count: 1
