Model: large_layers_diamond_100_0.0001_Adam.pt
MSE: 0.7127552628517151
R^2: 0.9928555488586426
MAE: 0.506463348865509
CV: 1.20436692237854
Count: 3