Model: large_layers_diamond_500_0.0001_Adam.pt
MSE: 0.533575713634491
R^2: 0.9946516156196594
MAE: 0.38078489899635315
CV: 1.0420453548431396
Count: 3