Model: large_layers_diamond_100_5e-05_Adam.pt
MSE: 0.6034041047096252
R^2: 0.993951678276062
MAE: 0.4145457446575165
CV: 1.1081352233886719
Count: 3