Model: large_layers_diamond_250_0.001_AdamW.pt
MSE: 1.8016138076782227
R^2: 0.9819411635398865
MAE: 0.9988424777984619
CV: 1.9147826433181763
Count: 1
