Model: large_layers_diamond_100_0.0005_Adam.pt
MSE: 0.7334198951721191
R^2: 0.9926484227180481
MAE: 0.4843508303165436
CV: 1.2217010259628296
Count: 2