Model: large_layers_block_100_0.0005_Adam.pt
MSE: 0.9460561275482178
R^2: 0.9905170202255249
MAE: 0.6263412237167358
CV: 1.387544870376587
Count: 1
