Model: large_layers_right_pyramid_500_0.0005_AdamW.pt
MSE: 0.665314257144928
R^2: 0.9933310747146606
MAE: 0.4603842496871948
CV: 1.16359543800354
Count: 2