Model: large_layers_right_pyramid_250_0.0001_AdamW.pt
MSE: 0.7821859121322632
R^2: 0.9921596050262451
MAE: 0.5509108901023865
CV: 1.2616636753082275
