Model: large_layers_block_100_5e-05_Adam.pt
MSE: 0.5764225721359253
R^2: 0.994222104549408
MAE: 0.3918094038963318
CV: 1.0830764770507812
