Model: large_layers_right_pyramid_500_5e-05_AdamW.pt
MSE: 0.5658980011940002
R^2: 0.9943276047706604
MAE: 0.39539051055908203
CV: 1.0731432437896729
Count: 3