Model: large_layers_diamond_250_0.0005_AdamW.pt
MSE: 0.8192529678344727
R^2: 0.9917880892753601
MAE: 0.5656118392944336
CV: 1.2912122011184692
Count: 2