Model: large_layers_diamond_100_5e-05_AdamW.pt
MSE: 0.5950732827186584
R^2: 0.9940351843833923
MAE: 0.3994308114051819
CV: 1.1004589796066284
Count: 3