Model: large_layers_diamond_500_0.0005_Adam.pt
MSE: 0.8059279322624207
R^2: 0.991921603679657
MAE: 0.5767762660980225
CV: 1.2806684970855713
Count: 3