Model: large_layers_diamond_250_5e-05_Adam.pt
MSE: 0.6135925054550171
R^2: 0.993849515914917
MAE: 0.4061505198478699
CV: 1.1174513101577759
