Model: large_layers_left_pyramid_500_0.0005_AdamW.pt
MSE: 0.6246443390846252
R^2: 0.9937387704849243
MAE: 0.4315450191497803
CV: 1.1274700164794922
Count: 3