Model: large_layers_diamond_100_5e-05_AdamW.pt
MSE: 0.6045236587524414
R^2: 0.9939404726028442
MAE: 0.4406229853630066
CV: 1.10916268825531
Count: 1
