Model: large_layers_right_pyramid_250_5e-05_Adam.pt
MSE: 0.8218297362327576
R^2: 0.9917622208595276
MAE: 0.5830151438713074
CV: 1.293241262435913
Count: 1
