Model: large_layers_diamond_250_0.0005_Adam.pt
MSE: 0.9167017936706543
R^2: 0.990811288356781
MAE: 0.6139893531799316
CV: 1.3658487796783447
