Model: large_layers_diamond_250_0.0001_AdamW.pt
MSE: 0.5953463315963745
R^2: 0.9940324425697327
MAE: 0.39662379026412964
CV: 1.1007113456726074
Count: 1
