Model: large_layers_left_pyramid_100_5e-05_AdamW.pt
MSE: 0.5373648405075073
R^2: 0.9946136474609375
MAE: 0.3848111629486084
CV: 1.0457388162612915
Count: 3
