Model: large_layers_left_pyramid_100_0.001_AdamW.pt
MSE: 2.879474401473999
R^2: 0.9711370468139648
MAE: 1.3049743175506592
CV: 2.4207239151000977
Count: 1
