Model: large_layers_block_250_5e-05_Adam.pt
MSE: 0.5047097206115723
R^2: 0.9949409365653992
MAE: 0.3483467698097229
CV: 1.0134665966033936
Count: 3