Model: large_layers_left_pyramid_250_5e-05_Adam.pt
MSE: 0.46916574239730835
R^2: 0.9952972531318665
MAE: 0.32650914788246155
CV: 0.9771286249160767
Count: 3