Model: large_layers_right_pyramid_100_0.0005_Adam.pt
MSE: 1.5675182342529297
R^2: 0.984287679195404
MAE: 0.975480854511261
CV: 1.7860554456710815
Count: 1
