Model: large_layers_diamond_100_0.0005_AdamW.pt
MSE: 1.0530908107757568
R^2: 0.9894441366195679
MAE: 0.7341831922531128
CV: 1.463934063911438
