Model: large_layers_block_250_0.001_AdamW.pt
MSE: 2.17899751663208
R^2: 0.9781584143638611
MAE: 1.1568467617034912
CV: 2.1057991981506348
Count: 3