Model: large_layers_left_pyramid_500_0.001_Adam.pt
MSE: 0.7899861931800842
R^2: 0.9920814037322998
MAE: 0.5299968123435974
CV: 1.2679389715194702
Count: 3