Model: large_layers_right_pyramid_100_0.0005_Adam.pt
MSE: 0.9243896007537842
R^2: 0.9907342195510864
MAE: 0.6095079183578491
CV: 1.3715641498565674
Count: 3