Model: large_layers_left_pyramid_500_0.0001_Adam.pt
MSE: 0.6091044545173645
R^2: 0.9938945174217224
MAE: 0.45151612162590027
CV: 1.1133570671081543
