Model: large_layers_diamond_500_0.0005_AdamW.pt
MSE: 0.6865126490592957
R^2: 0.9931185841560364
MAE: 0.47047877311706543
CV: 1.1819875240325928
Count: 3
