Model: large_layers_left_pyramid_100_0.0005_AdamW.pt
MSE: 0.7216379642486572
R^2: 0.9927664995193481
MAE: 0.5069450736045837
CV: 1.2118483781814575
Count: 1
