Model: large_layers_block_500_5e-05_AdamW.pt
MSE: 0.6145281791687012
R^2: 0.9938401579856873
MAE: 0.43094512820243835
CV: 1.1183030605316162
