Model: large_layers_right_pyramid_250_0.0005_AdamW.pt
MSE: 0.7671351432800293
R^2: 0.9923104643821716
MAE: 0.519658088684082
CV: 1.2494664192199707
Count: 1
