Model: large_layers_block_250_0.0005_Adam.pt
MSE: 1.006801962852478
R^2: 0.9899081587791443
MAE: 0.68698650598526
CV: 1.4313987493515015
Count: 3