Model: large_layers_block_500_0.001_Adam.pt
MSE: 1.6725214719772339
R^2: 0.9832351803779602
MAE: 0.9945129156112671
CV: 1.8449068069458008
