Model: large_layers_left_pyramid_250_5e-05_AdamW.pt
MSE: 0.5677617788314819
R^2: 0.9943089485168457
MAE: 0.4378305971622467
CV: 1.074908971786499
Count: 2