Model: large_layers_right_pyramid_250_0.001_Adam.pt
MSE: 1.4364057779312134
R^2: 0.9856019020080566
MAE: 0.9151365160942078
CV: 1.709728717803955
Count: 2