Model: large_layers_left_pyramid_500_0.0001_AdamW.pt
MSE: 0.5430311560630798
R^2: 0.9945568442344666
MAE: 0.39507508277893066
CV: 1.0512378215789795
Count: 2