Model: large_layers_left_pyramid_100_0.0001_AdamW.pt
MSE: 0.5245327353477478
R^2: 0.9947422742843628
MAE: 0.3742477595806122
CV: 1.033177375793457
