Model: large_layers_block_250_0.0005_AdamW.pt
MSE: 1.083336591720581
R^2: 0.9891409873962402
MAE: 0.7132580280303955
CV: 1.484808087348938
