Model: large_layers_diamond_100_0.0001_Adam.pt
MSE: 0.7199177145957947
R^2: 0.992783784866333
MAE: 0.4994491636753082
CV: 1.2104030847549438
Count: 2