Model: large_layers_right_pyramid_100_0.001_Adam.pt
MSE: 2.6685802936553955
R^2: 0.9732509851455688
MAE: 1.3461638689041138
CV: 2.330390691757202
