Model: large_layers_right_pyramid_100_0.0005_AdamW.pt
MSE: 0.7605029344558716
R^2: 0.992376983165741
MAE: 0.511967122554779
CV: 1.2440534830093384
Count: 2