Model: large_layers_diamond_100_0.0001_Adam.pt
MSE: 0.8101597428321838
R^2: 0.9918792247772217
MAE: 0.5509455800056458
CV: 1.2840263843536377
