Model: large_layers_block_100_5e-05_AdamW.pt
MSE: 0.5702810287475586
R^2: 0.9942836761474609
MAE: 0.39277487993240356
CV: 1.0772911310195923
Count: 3
