Model: large_layers_diamond_250_0.0001_AdamW.pt
MSE: 0.5817831754684448
R^2: 0.9941684007644653
MAE: 0.4026296138763428
CV: 1.0881009101867676
Count: 3