Model: large_layers_block_100_0.001_AdamW.pt
MSE: 0.9541235566139221
R^2: 0.9904361367225647
MAE: 0.63563072681427
CV: 1.3934484720230103
Count: 3
