Model: large_layers_right_pyramid_100_5e-05_Adam.pt
MSE: 0.7023957967758179
R^2: 0.9929593801498413
MAE: 0.48370009660720825
CV: 1.1955825090408325
Count: 3