Model: large_layers_left_pyramid_500_0.001_Adam.pt
MSE: 0.8134459853172302
R^2: 0.9918462634086609
MAE: 0.5899744033813477
CV: 1.2866278886795044
Count: 2