Model: large_layers_right_pyramid_250_5e-05_AdamW.pt
MSE: 0.7080682516098022
R^2: 0.9929025173187256
MAE: 0.48750069737434387
CV: 1.200400471687317
