Model: large_layers_left_pyramid_500_0.001_Adam.pt
MSE: 0.9957805275917053
R^2: 0.9900186061859131
MAE: 0.6834774017333984
CV: 1.4235424995422363
Count: 1
