Model: large_layers_right_pyramid_500_0.0001_AdamW.pt
MSE: 0.5757644176483154
R^2: 0.994228720664978
MAE: 0.38230180740356445
CV: 1.0824580192565918
Count: 3