Model: large_layers_right_pyramid_100_0.001_Adam.pt
MSE: 0.9394158720970154
R^2: 0.990583598613739
MAE: 0.6260427832603455
CV: 1.3826669454574585
Count: 2