Model: large_layers_diamond_500_0.001_AdamW.pt
MSE: 0.9054014086723328
R^2: 0.9909245371818542
MAE: 0.5941678285598755
CV: 1.357404112815857
Count: 3