Model: large_layers_left_pyramid_250_0.0001_Adam.pt
MSE: 0.5350074172019958
R^2: 0.9946372509002686
MAE: 0.37168601155281067
CV: 1.0434424877166748
