Model: large_layers_right_pyramid_250_0.001_Adam.pt
MSE: 1.0399914979934692
R^2: 0.9895754456520081
MAE: 0.6802786588668823
CV: 1.4548006057739258
Count: 3