Model: large_layers_right_pyramid_250_0.0005_Adam.pt
MSE: 0.9053425192832947
R^2: 0.990925133228302
MAE: 0.6265137791633606
CV: 1.3573601245880127
Count: 1
