Model: large_layers_right_pyramid_250_5e-05_AdamW.pt
MSE: 0.5619908571243286
R^2: 0.9943667650222778
MAE: 0.3843424916267395
CV: 1.0694321393966675
Count: 2