Model: large_layers_left_pyramid_100_5e-05_Adam.pt
MSE: 0.5050117373466492
R^2: 0.9949378967285156
MAE: 0.356192946434021
CV: 1.0137698650360107
Count: 3
