Model: large_layers_right_pyramid_500_0.0005_Adam.pt
MSE: 0.7056753635406494
R^2: 0.9929265379905701
MAE: 0.4928000569343567
CV: 1.1983704566955566
Count: 3