Model: large_layers_block_250_0.0005_AdamW.pt
MSE: 0.8910987973213196
R^2: 0.9910678863525391
MAE: 0.6164085865020752
CV: 1.3466401100158691
Count: 3