Model: large_layers_diamond_100_5e-05_Adam.pt
MSE: 0.6162325143814087
R^2: 0.9938230514526367
MAE: 0.431688517332077
CV: 1.1198526620864868
Count: 1
