Model: large_layers_right_pyramid_100_0.001_AdamW.pt
MSE: 0.9796003103256226
R^2: 0.9901807904243469
MAE: 0.6498094797134399
CV: 1.4119296073913574
