Model: large_layers_block_500_0.001_AdamW.pt
MSE: 1.0132850408554077
R^2: 0.9898431301116943
MAE: 0.6851702928543091
CV: 1.4359999895095825
Count: 3
