Model: large_layers_block_500_0.0001_Adam.pt
MSE: 0.6502360105514526
R^2: 0.993482232093811
MAE: 0.4377455711364746
CV: 1.1503344774246216
