Model: large_layers_left_pyramid_250_0.001_Adam.pt
MSE: 1.3035259246826172
R^2: 0.9869338870048523
MAE: 0.7798288464546204
CV: 1.628727674484253
Count: 1
