Model: large_layers_left_pyramid_500_0.001_AdamW.pt
MSE: 0.772473156452179
R^2: 0.9922569990158081
MAE: 0.5473911166191101
CV: 1.2538058757781982
Count: 3