Model: large_layers_left_pyramid_500_0.001_AdamW.pt
MSE: 0.8900653719902039
R^2: 0.99107825756073
MAE: 0.610539972782135
CV: 1.3458590507507324
Count: 2
