Model: large_layers_left_pyramid_250_0.0005_AdamW.pt
MSE: 0.636722207069397
R^2: 0.9936177134513855
MAE: 0.4349295198917389
CV: 1.1383180618286133
Count: 3
