Model: large_layers_right_pyramid_100_5e-05_Adam.pt
MSE: 0.8633725047111511
R^2: 0.9913458228111267
MAE: 0.5795429348945618
CV: 1.3255244493484497
