Model: large_layers_right_pyramid_250_0.0001_AdamW.pt
MSE: 0.6506322026252747
R^2: 0.9934782385826111
MAE: 0.43449681997299194
CV: 1.1506848335266113
Count: 3