Model: large_layers_diamond_250_0.0005_AdamW.pt
MSE: 1.742798089981079
R^2: 0.9825307130813599
MAE: 1.0864193439483643
CV: 1.8832679986953735
Count: 1
