Model: large_layers_right_pyramid_100_0.0001_AdamW.pt
MSE: 0.8192669749259949
R^2: 0.9917879104614258
MAE: 0.594031810760498
CV: 1.2912232875823975
Count: 2