Model: large_layers_right_pyramid_250_0.0001_Adam.pt
MSE: 0.7721081376075745
R^2: 0.9922606348991394
MAE: 0.5304222702980042
CV: 1.2535096406936646
