Model: large_layers_block_250_0.001_AdamW.pt
MSE: 2.840855598449707
R^2: 0.9715241193771362
MAE: 1.3341243267059326
CV: 2.404435873031616
