Model: large_layers_block_500_0.0005_Adam.pt
MSE: 0.6825182437896729
R^2: 0.9931586384773254
MAE: 0.476776659488678
CV: 1.1785438060760498
Count: 3