Model: large_layers_diamond_250_0.0001_Adam.pt
MSE: 0.6521971225738525
R^2: 0.9934625625610352
MAE: 0.44866034388542175
CV: 1.15206778049469
