Model: large_layers_diamond_100_0.001_AdamW.pt
MSE: 0.8130537271499634
R^2: 0.9918501973152161
MAE: 0.5293570160865784
CV: 1.2863175868988037
Count: 1
