Model: large_layers_diamond_500_0.0001_AdamW.pt
MSE: 0.4840185046195984
R^2: 0.9951483607292175
MAE: 0.3324200510978699
CV: 0.9924750924110413
Count: 3