Model: large_layers_block_500_5e-05_Adam.pt
MSE: 0.7345936894416809
R^2: 0.9926366806030273
MAE: 0.5366075038909912
CV: 1.222678303718567
