Model: large_layers_right_pyramid_500_0.001_AdamW.pt
MSE: 6.243689060211182
R^2: 0.9374151825904846
MAE: 2.318012237548828
CV: 3.564587116241455
