Model: large_layers_right_pyramid_250_0.001_AdamW.pt
MSE: 1.5516358613967896
R^2: 0.9844468832015991
MAE: 0.9453823566436768
CV: 1.7769839763641357
