Model: large_layers_left_pyramid_250_0.0001_AdamW.pt
MSE: 0.4860757887363434
R^2: 0.9951277375221252
MAE: 0.3415064215660095
CV: 0.9945819973945618
Count: 3