Model: large_layers_right_pyramid_250_0.0005_Adam.pt
MSE: 0.7774805426597595
R^2: 0.9922067523002625
MAE: 0.5557816624641418
CV: 1.2578630447387695
Count: 3