Model: large_layers_diamond_250_0.001_AdamW.pt
MSE: 0.9893670678138733
R^2: 0.9900829195976257
MAE: 0.6667746305465698
CV: 1.4189507961273193
Count: 3