Model: large_layers_diamond_250_0.0005_Adam.pt
MSE: 0.7931845784187317
R^2: 0.9920493364334106
MAE: 0.5667332410812378
CV: 1.270503044128418
Count: 3