Model: large_layers_diamond_500_0.0005_Adam.pt
MSE: 1.1569173336029053
R^2: 0.9884034395217896
MAE: 0.7584194540977478
CV: 1.5344041585922241
Count: 1
