Model: large_layers_diamond_250_0.001_Adam.pt
MSE: 0.912322998046875
R^2: 0.9908551573753357
MAE: 0.6207228302955627
CV: 1.362582802772522
Count: 1
