Model: large_layers_left_pyramid_100_0.001_AdamW.pt
MSE: 0.9684226512908936
R^2: 0.9902928471565247
MAE: 0.6247362494468689
CV: 1.4038511514663696
Count: 3