Model: large_layers_block_500_0.0001_AdamW.pt
MSE: 0.6312915682792664
R^2: 0.9936721324920654
MAE: 0.4267672598361969
CV: 1.1334532499313354
Count: 3