Model: large_layers_left_pyramid_250_0.001_Adam.pt
MSE: 0.6511887907981873
R^2: 0.993472695350647
MAE: 0.4623754024505615
CV: 1.1511768102645874
Count: 2