Model: large_layers_right_pyramid_500_0.0001_Adam.pt
MSE: 0.5206151008605957
R^2: 0.994781494140625
MAE: 0.35640978813171387
CV: 1.0293118953704834
Count: 3