Model: large_layers_right_pyramid_100_0.0001_Adam.pt
MSE: 0.837732195854187
R^2: 0.9916028380393982
MAE: 0.5997321605682373
CV: 1.3056933879852295
Count: 3