Model: large_layers_block_100_0.0001_AdamW.pt
MSE: 0.603553056716919
R^2: 0.9939501881599426
MAE: 0.39947348833084106
CV: 1.1082719564437866
Count: 1
