Model: large_layers_block_100_0.0005_Adam.pt
MSE: 0.7108339667320251
R^2: 0.992874801158905
MAE: 0.4843481481075287
CV: 1.2027426958084106
Count: 3