Model: large_layers_block_250_0.001_Adam.pt
MSE: 0.8288347125053406
R^2: 0.9916920065879822
MAE: 0.560481607913971
CV: 1.298741102218628
Count: 3
