Model: large_layers_block_250_0.0001_Adam.pt
MSE: 1.0209739208221436
R^2: 0.9897660613059998
MAE: 0.7143001556396484
CV: 1.4414379596710205
Count: 1
