Model: large_layers_left_pyramid_500_0.0005_Adam.pt
MSE: 0.581466555595398
R^2: 0.9941715598106384
MAE: 0.405755877494812
CV: 1.087804913520813
Count: 3