Model: large_layers_block_100_0.0005_AdamW.pt
MSE: 0.7162426114082336
R^2: 0.9928206205368042
MAE: 0.4794652462005615
CV: 1.2073097229003906
Count: 1
