Model: large_layers_diamond_500_5e-05_Adam.pt
MSE: 0.6119027733802795
R^2: 0.993866503238678
MAE: 0.42065197229385376
CV: 1.115911602973938
