Model: large_layers_left_pyramid_100_0.001_Adam.pt
MSE: 0.9108445644378662
R^2: 0.9908699989318848
MAE: 0.5849072337150574
CV: 1.3614784479141235
Count: 1
