Model: large_layers_left_pyramid_250_5e-05_AdamW.pt
MSE: 0.6000586152076721
R^2: 0.9939851760864258
MAE: 0.4282889664173126
CV: 1.1050589084625244
Count: 1
