Model: large_layers_block_250_0.0005_Adam.pt
MSE: 1.1683402061462402
R^2: 0.988288938999176
MAE: 0.7817907929420471
CV: 1.541960597038269
