Model: large_layers_right_pyramid_250_0.0001_Adam.pt
MSE: 0.6187416911125183
R^2: 0.9937978982925415
MAE: 0.43521827459335327
CV: 1.1221303939819336
Count: 2