Model: large_layers_block_100_0.001_Adam.pt
MSE: 1.181964635848999
R^2: 0.9881523251533508
MAE: 0.7330479025840759
CV: 1.5509251356124878
Count: 3