Model: large_layers_block_500_5e-05_AdamW.pt
MSE: 0.5083004832267761
R^2: 0.9949049353599548
MAE: 0.3549638092517853
CV: 1.0170652866363525
Count: 3