Model: large_layers_diamond_500_0.001_Adam.pt
MSE: 1.0952556133270264
R^2: 0.9890214800834656
MAE: 0.7814595699310303
CV: 1.4929536581039429
Count: 1
