Model: large_layers_right_pyramid_500_5e-05_Adam.pt
MSE: 0.915124237537384
R^2: 0.9908270835876465
MAE: 0.660574734210968
CV: 1.364673137664795
