Model: large_layers_diamond_250_5e-05_Adam.pt
MSE: 0.5529665946960449
R^2: 0.9944572448730469
MAE: 0.376943975687027
CV: 1.0608110427856445
Count: 3