Model: large_layers_left_pyramid_250_0.0005_Adam.pt
MSE: 0.6328361630439758
R^2: 0.9936566352844238
MAE: 0.44582873582839966
CV: 1.1348390579223633
