Model: large_layers_left_pyramid_250_5e-05_AdamW.pt
MSE: 0.48812776803970337
R^2: 0.9951071739196777
MAE: 0.35897377133369446
CV: 0.9966790676116943
Count: 3