Model: large_layers_diamond_500_0.0001_AdamW.pt
MSE: 0.707423210144043
R^2: 0.9929090142250061
MAE: 0.4956444203853607
CV: 1.1998536586761475
Count: 1
