Model: large_layers_right_pyramid_500_0.001_AdamW.pt
MSE: 1.0837292671203613
R^2: 0.9891370534896851
MAE: 0.6956573724746704
CV: 1.485077142715454
Count: 2