Model: large_layers_right_pyramid_100_0.0005_Adam.pt
MSE: 0.9402453303337097
R^2: 0.9905752539634705
MAE: 0.6468066573143005
CV: 1.383277177810669
Count: 2