Model: large_layers_diamond_100_0.0005_AdamW.pt
MSE: 0.7288402915000916
R^2: 0.9926943182945251
MAE: 0.5065038204193115
CV: 1.2178808450698853
Count: 3