Model: large_layers_diamond_250_5e-05_AdamW.pt
MSE: 0.6658073663711548
R^2: 0.9933261275291443
MAE: 0.47092267870903015
CV: 1.1640264987945557
