Model: large_layers_block_250_0.0001_AdamW.pt
MSE: 0.7491092681884766
R^2: 0.9924911856651306
MAE: 0.5216307640075684
CV: 1.2346993684768677
Count: 3
