Model: large_layers_left_pyramid_250_0.0001_AdamW.pt
MSE: 0.5065915584564209
R^2: 0.9949221014976501
MAE: 0.354882150888443
CV: 1.0153542757034302
Count: 2