Model: large_layers_left_pyramid_100_0.0001_Adam.pt
MSE: 0.5749667882919312
R^2: 0.9942367076873779
MAE: 0.4006516635417938
CV: 1.0817078351974487
Count: 3
