Model: large_layers_block_500_0.001_Adam.pt
MSE: 0.7972350716590881
R^2: 0.9920087456703186
MAE: 0.5302500128746033
CV: 1.273742914199829
Count: 3