Model: large_layers_diamond_100_0.0001_AdamW.pt
MSE: 0.5925958156585693
R^2: 0.9940599799156189
MAE: 0.40585678815841675
CV: 1.09816575050354
