Model: large_layers_diamond_500_0.0001_Adam.pt
MSE: 0.6413573026657104
R^2: 0.9935712218284607
MAE: 0.4418279230594635
CV: 1.1424537897109985
Count: 1
