Model: large_layers_block_250_0.0001_Adam.pt
MSE: 0.6861793398857117
R^2: 0.9931219220161438
MAE: 0.46415260434150696
CV: 1.181700587272644
Count: 3