Model: large_layers_diamond_500_0.001_AdamW.pt
MSE: 1.196342945098877
R^2: 0.9880082607269287
MAE: 0.758967936038971
CV: 1.5603300333023071
