Model: large_layers_right_pyramid_500_0.0005_Adam.pt
MSE: 0.800364077091217
R^2: 0.9919773936271667
MAE: 0.553976833820343
CV: 1.2762401103973389
Count: 1
