Model: large_layers_block_500_0.0005_AdamW.pt
MSE: 0.7654014825820923
R^2: 0.992327868938446
MAE: 0.5024202466011047
CV: 1.2480536699295044
Count: 1
