Model: medium_layers_diamond_500_0.0001_AdamW.pt
MSE: 0.5338804721832275
R^2: 0.9946485757827759
MAE: 0.3616589307785034
CV: 1.0423429012298584
Count: 3