Model: medium_layers_block_100_5e-05_Adam.pt
MSE: 0.6510356068611145
R^2: 0.9934742450714111
MAE: 0.4627542197704315
CV: 1.1510415077209473
Count: 3