Model: medium_layers_left_pyramid_250_0.0005_Adam.pt
MSE: 0.6110138297080994
R^2: 0.9938753843307495
MAE: 0.4179966449737549
CV: 1.1151008605957031
