Model: medium_layers_block_100_0.001_Adam.pt
MSE: 0.9913026094436646
R^2: 0.990063488483429
MAE: 0.63926762342453
CV: 1.4203380346298218
Count: 3