Model: medium_layers_diamond_250_0.001_AdamW.pt
MSE: 0.8856714367866516
R^2: 0.991122305393219
MAE: 0.6087647676467896
CV: 1.3425328731536865
Count: 3
