Model: medium_layers_diamond_100_0.0001_AdamW.pt
MSE: 0.616338312625885
R^2: 0.9938220381736755
MAE: 0.41712382435798645
CV: 1.1199488639831543
Count: 3