Model: medium_layers_diamond_100_0.0005_AdamW.pt
MSE: 0.7770973443984985
R^2: 0.9922106266021729
MAE: 0.5559477806091309
CV: 1.2575531005859375
Count: 3