Model: medium_layers_block_500_5e-05_Adam.pt
MSE: 0.5450689792633057
R^2: 0.9945363998413086
MAE: 0.37894320487976074
CV: 1.0532084703445435
Count: 3