Model: medium_layers_right_pyramid_500_0.001_AdamW.pt
MSE: 1.0607857704162598
R^2: 0.9893670082092285
MAE: 0.7237576842308044
CV: 1.4692728519439697
