Model: medium_layers_left_pyramid_500_5e-05_AdamW.pt
MSE: 0.6441970467567444
R^2: 0.9935427904129028
MAE: 0.4472469687461853
CV: 1.1449801921844482
Count: 1
