Model: medium_layers_left_pyramid_250_0.001_Adam.pt
MSE: 0.7148745656013489
R^2: 0.9928343296051025
MAE: 0.49099501967430115
CV: 1.2061561346054077
Count: 3