Model: medium_layers_block_500_0.0001_AdamW.pt
MSE: 0.6131190061569214
R^2: 0.993854284286499
MAE: 0.43494468927383423
CV: 1.1170202493667603
Count: 3