Model: medium_layers_diamond_500_0.001_Adam.pt
MSE: 0.7653260827064514
R^2: 0.9923285841941833
MAE: 0.5507821440696716
CV: 1.2479921579360962
Count: 1
