Model: medium_layers_diamond_100_0.001_Adam.pt
MSE: 1.114528775215149
R^2: 0.9888283014297485
MAE: 0.7318785190582275
CV: 1.5060322284698486
Count: 3
