Model: medium_layers_right_pyramid_100_0.0005_AdamW.pt
MSE: 0.8117643594741821
R^2: 0.9918631315231323
MAE: 0.5922142863273621
CV: 1.2852972745895386
Count: 3
