Model: medium_layers_block_500_0.0005_AdamW.pt
MSE: 1.109330177307129
R^2: 0.9888803958892822
MAE: 0.7492860555648804
CV: 1.5025157928466797
Count: 3
