Model: medium_layers_left_pyramid_100_5e-05_Adam.pt
MSE: 0.5236877202987671
R^2: 0.9947507381439209
MAE: 0.37998560070991516
CV: 1.032344937324524
Count: 1
