Model: medium_layers_diamond_100_5e-05_AdamW.pt
MSE: 0.6148834228515625
R^2: 0.9938365817070007
MAE: 0.4210808575153351
CV: 1.1186261177062988
Count: 3