Model: medium_layers_left_pyramid_100_0.0001_Adam.pt
MSE: 0.6677278876304626
R^2: 0.9933068752288818
MAE: 0.4456389844417572
CV: 1.1657042503356934
