Model: medium_layers_right_pyramid_500_0.001_Adam.pt
MSE: 0.6512612700462341
R^2: 0.9934719800949097
MAE: 0.4364503026008606
CV: 1.1512409448623657
