Model: medium_layers_diamond_100_0.001_AdamW.pt
MSE: 0.8601464629173279
R^2: 0.9913781881332397
MAE: 0.5914695262908936
CV: 1.3230456113815308
Count: 2