Model: medium_layers_left_pyramid_250_5e-05_Adam.pt
MSE: 0.5036856532096863
R^2: 0.9949511885643005
MAE: 0.3429592251777649
CV: 1.0124379396438599
Count: 3