Model: medium_layers_left_pyramid_500_5e-05_Adam.pt
MSE: 0.5347244143486023
R^2: 0.9946401119232178
MAE: 0.3687821626663208
CV: 1.0431665182113647
Count: 3