Model: medium_layers_left_pyramid_500_0.0001_AdamW.pt
MSE: 0.6602175831794739
R^2: 0.9933821558952332
MAE: 0.4626365602016449
CV: 1.1591300964355469
Count: 2