Model: medium_layers_right_pyramid_500_5e-05_AdamW.pt
MSE: 0.5724928975105286
R^2: 0.9942615032196045
MAE: 0.3838265836238861
CV: 1.0793782472610474
Count: 1
