Model: medium_layers_block_100_0.0005_AdamW.pt
MSE: 0.7413670420646667
R^2: 0.9925687909126282
MAE: 0.49857744574546814
CV: 1.228302240371704
Count: 3