Model: medium_layers_diamond_250_0.0005_AdamW.pt
MSE: 1.0674231052398682
R^2: 0.9893004894256592
MAE: 0.7141140699386597
CV: 1.4738624095916748
Count: 1
