Model: medium_layers_right_pyramid_500_0.0005_Adam.pt
MSE: 0.6222947835922241
R^2: 0.9937623143196106
MAE: 0.4297119975090027
CV: 1.12534761428833
Count: 3
