Model: medium_layers_diamond_100_5e-05_Adam.pt
MSE: 0.6224246025085449
R^2: 0.9937610030174255
MAE: 0.422318696975708
CV: 1.125464916229248
Count: 3