Model: medium_layers_right_pyramid_500_0.0005_AdamW.pt
MSE: 0.6630145907402039
R^2: 0.9933541417121887
MAE: 0.45628803968429565
CV: 1.1615827083587646
Count: 2