Model: medium_layers_diamond_250_5e-05_Adam.pt
MSE: 0.5820825695991516
R^2: 0.9941653609275818
MAE: 0.40492480993270874
CV: 1.0883809328079224
Count: 1
