Model: medium_layers_left_pyramid_500_0.0005_Adam.pt
MSE: 0.7483512163162231
R^2: 0.9924987554550171
MAE: 0.5501551628112793
CV: 1.234074354171753
Count: 3