Model: medium_layers_right_pyramid_100_0.001_AdamW.pt
MSE: 2.1080336570739746
R^2: 0.9788697361946106
MAE: 1.2261284589767456
CV: 2.07122540473938
Count: 3