Model: medium_layers_right_pyramid_250_5e-05_AdamW.pt
MSE: 0.5670215487480164
R^2: 0.9943163394927979
MAE: 0.4020431637763977
CV: 1.0742079019546509
Count: 3