Model: medium_layers_diamond_250_0.001_Adam.pt
MSE: 0.7185623049736023
R^2: 0.9927973747253418
MAE: 0.4852081537246704
CV: 1.2092632055282593
