Model: medium_layers_block_500_0.0005_Adam.pt
MSE: 0.7482500672340393
R^2: 0.9924997687339783
MAE: 0.5268744230270386
CV: 1.2339909076690674
Count: 3