Model: medium_layers_left_pyramid_250_0.001_AdamW.pt
MSE: 0.7083301544189453
R^2: 0.9928998947143555
MAE: 0.457510381937027
CV: 1.20062255859375
Count: 1
