Model: medium_layers_diamond_250_0.0001_Adam.pt
MSE: 0.5372750759124756
R^2: 0.9946145415306091
MAE: 0.3757598400115967
CV: 1.0456514358520508
Count: 3