Model: medium_layers_block_500_0.001_AdamW.pt
MSE: 1.4138895273208618
R^2: 0.985827624797821
MAE: 0.890049934387207
CV: 1.6962753534317017
Count: 1
