Model: medium_layers_block_100_0.001_Adam.pt
MSE: 3.506779193878174
R^2: 0.9648491144180298
MAE: 1.5931307077407837
CV: 2.67142391204834
Count: 1
