Model: medium_layers_left_pyramid_500_0.001_AdamW.pt
MSE: 0.811291515827179
R^2: 0.9918678402900696
MAE: 0.5720595717430115
CV: 1.2849228382110596
Count: 2