Model: medium_layers_right_pyramid_250_0.001_AdamW.pt
MSE: 0.7912737131118774
R^2: 0.9920685291290283
MAE: 0.5516793727874756
CV: 1.2689718008041382
Count: 3