Model: medium_layers_right_pyramid_100_0.001_Adam.pt
MSE: 1.3293765783309937
R^2: 0.9866747260093689
MAE: 0.859023928642273
CV: 1.6447981595993042
Count: 3