Model: medium_layers_block_100_0.0001_Adam.pt
MSE: 0.6658406257629395
R^2: 0.9933258295059204
MAE: 0.45495399832725525
CV: 1.164055585861206
Count: 3