Model: medium_layers_right_pyramid_250_0.0001_AdamW.pt
MSE: 0.5786559581756592
R^2: 0.9941997528076172
MAE: 0.4127510190010071
CV: 1.0851726531982422
Count: 3
