Model: medium_layers_right_pyramid_500_5e-05_Adam.pt
MSE: 0.5404588580131531
R^2: 0.9945825934410095
MAE: 0.37445035576820374
CV: 1.0487451553344727
Count: 3