Model: medium_layers_right_pyramid_250_0.0001_Adam.pt
MSE: 0.583382785320282
R^2: 0.9941523671150208
MAE: 0.4145717918872833
CV: 1.0895957946777344
