Model: medium_layers_right_pyramid_250_0.001_Adam.pt
MSE: 0.6920297741889954
R^2: 0.9930633306503296
MAE: 0.486098974943161
CV: 1.1867274045944214
