Model: medium_layers_right_pyramid_250_0.0005_AdamW.pt
MSE: 0.9107660055160522
R^2: 0.9908707737922668
MAE: 0.636428952217102
CV: 1.361419677734375
Count: 1
