Model: medium_layers_right_pyramid_250_0.0005_Adam.pt
MSE: 0.7895818948745728
R^2: 0.9920854568481445
MAE: 0.5909543633460999
CV: 1.267614483833313
Count: 2
