Model: medium_layers_diamond_500_0.0001_Adam.pt
MSE: 0.5382359027862549
R^2: 0.9946048855781555
MAE: 0.3585796058177948
CV: 1.046586036682129
Count: 3