Model: medium_layers_diamond_500_0.001_AdamW.pt
MSE: 1.1086114645004272
R^2: 0.9888876080513
MAE: 0.7558712959289551
CV: 1.5020288228988647
