Model: medium_layers_block_250_0.0001_AdamW.pt
MSE: 0.6307774186134338
R^2: 0.9936772584915161
MAE: 0.43955859541893005
CV: 1.1329915523529053
Count: 3