Model: medium_layers_block_250_5e-05_AdamW.pt
MSE: 0.6808562278747559
R^2: 0.9931753277778625
MAE: 0.5151270627975464
CV: 1.1771080493927002
