Model: medium_layers_block_100_5e-05_AdamW.pt
MSE: 0.6229361295700073
R^2: 0.9937558770179749
MAE: 0.430287629365921
CV: 1.1259273290634155
Count: 3