Model: medium_layers_left_pyramid_500_0.0001_Adam.pt
MSE: 0.556045651435852
R^2: 0.9944263696670532
MAE: 0.3720669150352478
CV: 1.06376051902771
Count: 3