Model: medium_layers_block_250_0.0001_Adam.pt
MSE: 0.6253678798675537
R^2: 0.9937314987182617
MAE: 0.435318261384964
CV: 1.1281228065490723
