Model: medium_layers_right_pyramid_100_5e-05_Adam.pt
MSE: 0.6091481447219849
R^2: 0.993894100189209
MAE: 0.43314287066459656
CV: 1.1133971214294434
Count: 1
