Model: medium_layers_left_pyramid_100_0.001_AdamW.pt
MSE: 0.7833872437477112
R^2: 0.9921475648880005
MAE: 0.5106739401817322
CV: 1.2626322507858276
Count: 1
