Model: medium_layers_diamond_250_5e-05_Adam.pt
MSE: 0.5382694005966187
R^2: 0.9946045279502869
MAE: 0.3666473627090454
CV: 1.0466185808181763
Count: 3