Model: medium_layers_left_pyramid_500_0.0001_Adam.pt
MSE: 0.612028181552887
R^2: 0.9938651919364929
MAE: 0.421634703874588
CV: 1.1160260438919067
Count: 2