Model: medium_layers_right_pyramid_100_0.0001_AdamW.pt
MSE: 0.6503993272781372
R^2: 0.9934806227684021
MAE: 0.448589950799942
CV: 1.1504788398742676
Count: 3