Model: medium_layers_diamond_500_5e-05_Adam.pt
MSE: 0.7465264201164246
R^2: 0.9925170540809631
MAE: 0.5536614656448364
CV: 1.2325689792633057
