Model: medium_layers_right_pyramid_500_0.001_AdamW.pt
MSE: 0.9016838073730469
R^2: 0.9909617900848389
MAE: 0.6199397444725037
CV: 1.354614496231079
Count: 2