Model: medium_layers_left_pyramid_500_0.001_Adam.pt
MSE: 0.8380268812179565
R^2: 0.9915998578071594
MAE: 0.5721954107284546
CV: 1.3059229850769043
Count: 3
