Model: medium_layers_right_pyramid_250_0.0005_AdamW.pt
MSE: 0.6157853603363037
R^2: 0.9938275814056396
MAE: 0.42384177446365356
CV: 1.1194463968276978
Count: 3