Model: medium_layers_diamond_500_0.0005_Adam.pt
MSE: 1.1480965614318848
R^2: 0.9884918332099915
MAE: 0.769061267375946
CV: 1.528543472290039
Count: 1
