Model: medium_layers_block_250_5e-05_Adam.pt
MSE: 0.5768749713897705
R^2: 0.994217574596405
MAE: 0.4168209433555603
CV: 1.0835013389587402
Count: 3