Model: medium_layers_right_pyramid_100_5e-05_AdamW.pt
MSE: 0.5905165672302246
R^2: 0.9940808415412903
MAE: 0.40893861651420593
CV: 1.0962374210357666
Count: 3