Model: medium_layers_block_100_0.0001_AdamW.pt
MSE: 0.8080822229385376
R^2: 0.9919000267982483
MAE: 0.548790693283081
CV: 1.282378911972046
