Model: medium_layers_right_pyramid_100_0.001_Adam.pt
MSE: 1.4569231271743774
R^2: 0.9853962659835815
MAE: 0.8665422201156616
CV: 1.7218960523605347
Count: 2
