Model: medium_layers_left_pyramid_500_0.0005_Adam.pt
MSE: 0.765267014503479
R^2: 0.9923291802406311
MAE: 0.5339395403862
CV: 1.2479439973831177
Count: 2