Model: medium_layers_diamond_500_0.001_AdamW.pt
MSE: 1.0603288412094116
R^2: 0.9893715977668762
MAE: 0.6905661225318909
CV: 1.4689563512802124
Count: 3