Model: medium_layers_left_pyramid_100_0.0001_AdamW.pt
MSE: 0.5395605564117432
R^2: 0.9945915937423706
MAE: 0.38302719593048096
CV: 1.0478731393814087
Count: 1
