Model: medium_layers_left_pyramid_250_5e-05_Adam.pt
MSE: 0.5832844376564026
R^2: 0.9941533207893372
MAE: 0.39729878306388855
CV: 1.0895038843154907
