Model: medium_layers_diamond_100_0.001_AdamW.pt
MSE: 1.1411030292510986
R^2: 0.9885619282722473
MAE: 0.6978331208229065
CV: 1.5238808393478394
Count: 1
