Model: medium_layers_diamond_100_5e-05_AdamW.pt
MSE: 0.6206130385398865
R^2: 0.993779182434082
MAE: 0.41290438175201416
CV: 1.123826026916504
