Model: medium_layers_right_pyramid_250_5e-05_Adam.pt
MSE: 0.5664122700691223
R^2: 0.9943224787712097
MAE: 0.38716965913772583
CV: 1.073630690574646
Count: 3