Model: medium_layers_block_250_0.001_Adam.pt
MSE: 0.8417913317680359
R^2: 0.9915621280670166
MAE: 0.5811843276023865
CV: 1.3088529109954834
Count: 3