Model: medium_layers_right_pyramid_500_0.001_AdamW.pt
MSE: 0.8859956860542297
R^2: 0.9911190271377563
MAE: 0.6266770958900452
CV: 1.3427786827087402
Count: 3