Model: medium_layers_block_500_0.0005_Adam.pt
MSE: 0.7584083676338196
R^2: 0.9923979640007019
MAE: 0.5205478668212891
CV: 1.242339015007019
