Model: medium_layers_right_pyramid_100_5e-05_AdamW.pt
MSE: 0.6262080669403076
R^2: 0.9937230944633484
MAE: 0.4350537955760956
CV: 1.1288803815841675
Count: 2