Model: medium_layers_left_pyramid_250_0.0001_Adam.pt
MSE: 0.5599608421325684
R^2: 0.994387149810791
MAE: 0.37648072838783264
CV: 1.0674989223480225
