Model: medium_layers_block_250_5e-05_Adam.pt
MSE: 0.97426438331604
R^2: 0.9902342557907104
MAE: 0.6938712000846863
CV: 1.4080790281295776
