Model: medium_layers_diamond_250_5e-05_AdamW.pt
MSE: 0.5607025027275085
R^2: 0.9943796992301941
MAE: 0.369819700717926
CV: 1.0682055950164795
Count: 1
