Model: medium_layers_left_pyramid_500_0.0005_AdamW.pt
MSE: 0.7298350930213928
R^2: 0.9926843643188477
MAE: 0.49524763226509094
CV: 1.2187117338180542
Count: 2