Model: medium_layers_right_pyramid_250_5e-05_Adam.pt
MSE: 0.5665094256401062
R^2: 0.9943214654922485
MAE: 0.39741507172584534
CV: 1.0737228393554688
