Model: medium_layers_diamond_250_0.0005_Adam.pt
MSE: 0.6101349592208862
R^2: 0.9938842058181763
MAE: 0.42280757427215576
CV: 1.1142984628677368
Count: 3
