Model: medium_layers_diamond_100_0.0005_AdamW.pt
MSE: 0.815230131149292
R^2: 0.9918283820152283
MAE: 0.5432709455490112
CV: 1.2880381345748901
Count: 1
