Model: medium_layers_left_pyramid_100_0.001_Adam.pt
MSE: 0.9165419340133667
R^2: 0.9908128976821899
MAE: 0.6198747158050537
CV: 1.3657296895980835
Count: 3