Model: medium_layers_left_pyramid_500_5e-05_AdamW.pt
MSE: 0.5156325697898865
R^2: 0.9948314428329468
MAE: 0.3537304997444153
CV: 1.0243746042251587
Count: 3