Model: medium_layers_left_pyramid_500_0.0005_AdamW.pt
MSE: 0.802609384059906
R^2: 0.9919549226760864
MAE: 0.5314178466796875
CV: 1.278028964996338
Count: 1
