Model: medium_layers_right_pyramid_500_0.0001_AdamW.pt
MSE: 0.5732489824295044
R^2: 0.994253933429718
MAE: 0.39190059900283813
CV: 1.0800907611846924
Count: 2
