Model: medium_layers_block_500_0.0001_AdamW.pt
MSE: 0.6748581528663635
R^2: 0.9932354092597961
MAE: 0.46979209780693054
CV: 1.171911597251892
Count: 1
