Model: medium_layers_left_pyramid_500_0.001_AdamW.pt
MSE: 1.031804084777832
R^2: 0.9896575212478638
MAE: 0.6474671959877014
CV: 1.4490628242492676
