Model: medium_layers_diamond_100_0.0005_Adam.pt
MSE: 0.703611433506012
R^2: 0.9929472208023071
MAE: 0.4780942499637604
CV: 1.1966166496276855
Count: 1
