Model: medium_layers_left_pyramid_100_5e-05_AdamW.pt
MSE: 0.516603410243988
R^2: 0.9948217272758484
MAE: 0.37138667702674866
CV: 1.0253384113311768
Count: 1
