Model: medium_layers_left_pyramid_500_0.0005_Adam.pt
MSE: 0.7697589993476868
R^2: 0.9922841787338257
MAE: 0.5321465134620667
CV: 1.251601219177246
