Model: medium_layers_diamond_500_0.0005_AdamW.pt
MSE: 0.6940967440605164
R^2: 0.9930425882339478
MAE: 0.487636923789978
CV: 1.1884984970092773
Count: 3