Model: medium_layers_block_250_0.0005_Adam.pt
MSE: 0.7212693095207214
R^2: 0.9927701950073242
MAE: 0.491218239068985
CV: 1.2115387916564941
