Model: medium_layers_diamond_500_0.0005_Adam.pt
MSE: 0.7880759239196777
R^2: 0.9921005964279175
MAE: 0.5492932796478271
CV: 1.2664049863815308
Count: 3