Model: medium_layers_right_pyramid_250_0.001_AdamW.pt
MSE: 0.7978702783584595
R^2: 0.9920023679733276
MAE: 0.5762232542037964
CV: 1.2742503881454468
Count: 1
