Model: medium_layers_diamond_500_0.001_Adam.pt
MSE: 0.6875047087669373
R^2: 0.9931086897850037
MAE: 0.46197831630706787
CV: 1.182841181755066
Count: 3