Model: medium_layers_right_pyramid_100_0.001_AdamW.pt
MSE: 2.6180477142333984
R^2: 0.9737575054168701
MAE: 1.3934383392333984
CV: 2.308220863342285
