Model: medium_layers_diamond_100_0.0001_AdamW.pt
MSE: 0.6799745559692383
R^2: 0.9931841492652893
MAE: 0.4739956855773926
CV: 1.1763455867767334
