Model: medium_layers_left_pyramid_250_0.0001_AdamW.pt
MSE: 0.513788104057312
R^2: 0.9948499202728271
MAE: 0.36393439769744873
CV: 1.022540807723999
Count: 3