Model: medium_layers_left_pyramid_100_0.0005_Adam.pt
MSE: 0.753848135471344
R^2: 0.9924436807632446
MAE: 0.5396077036857605
CV: 1.2385984659194946
Count: 3