Model: medium_layers_block_250_0.001_Adam.pt
MSE: 1.0369170904159546
R^2: 0.9896062612533569
MAE: 0.707750678062439
CV: 1.4526487588882446
Count: 1
