Model: medium_layers_left_pyramid_500_0.0001_AdamW.pt
MSE: 0.7026349306106567
R^2: 0.9929569959640503
MAE: 0.48737043142318726
CV: 1.1957859992980957
