Model: medium_layers_diamond_500_0.0005_AdamW.pt
MSE: 0.7363068461418152
R^2: 0.992619514465332
MAE: 0.49414703249931335
CV: 1.2241032123565674
