Model: medium_layers_right_pyramid_100_0.0001_AdamW.pt
MSE: 0.8583893775939941
R^2: 0.9913957715034485
MAE: 0.6329156756401062
CV: 1.3216936588287354
