Model: medium_layers_block_500_5e-05_Adam.pt
MSE: 0.6665869355201721
R^2: 0.9933183193206787
MAE: 0.4430382251739502
CV: 1.1647077798843384
