Model: medium_layers_block_250_0.0005_AdamW.pt
MSE: 0.7688087224960327
R^2: 0.9922937154769897
MAE: 0.5272350311279297
CV: 1.250828504562378
Count: 1
