Model: medium_layers_right_pyramid_500_0.0001_AdamW.pt
MSE: 0.5721429586410522
R^2: 0.9942650198936462
MAE: 0.40039947628974915
CV: 1.0790482759475708
Count: 3