Model: medium_layers_left_pyramid_250_0.0001_Adam.pt
MSE: 0.5294135808944702
R^2: 0.9946933388710022
MAE: 0.364315390586853
CV: 1.0379732847213745
Count: 3