Model: medium_layers_block_500_0.001_AdamW.pt
MSE: 0.7522461414337158
R^2: 0.9924597144126892
MAE: 0.5028955340385437
CV: 1.2372816801071167
Count: 3