Model: medium_layers_left_pyramid_100_0.001_Adam.pt
MSE: 1.087654709815979
R^2: 0.9890977144241333
MAE: 0.6966915726661682
CV: 1.4877643585205078
