Model: medium_layers_diamond_250_0.0005_AdamW.pt
MSE: 0.8788225650787354
R^2: 0.9911909699440002
MAE: 0.6372918486595154
CV: 1.3373318910598755
Count: 3