Model: medium_layers_diamond_500_0.0001_AdamW.pt
MSE: 0.6858444809913635
R^2: 0.993125319480896
MAE: 0.46602940559387207
CV: 1.1814122200012207
