Model: medium_layers_diamond_250_0.0001_AdamW.pt
MSE: 0.5734010338783264
R^2: 0.9942523837089539
MAE: 0.4064375162124634
CV: 1.0802339315414429
Count: 3