Model: medium_layers_diamond_100_0.0001_Adam.pt
MSE: 0.6245200634002686
R^2: 0.9937400221824646
MAE: 0.4196949303150177
CV: 1.127357840538025
