Model: medium_layers_right_pyramid_500_0.0001_Adam.pt
MSE: 0.5760394930839539
R^2: 0.9942259788513184
MAE: 0.3890914022922516
CV: 1.082716464996338
Count: 2
