Model: medium_layers_block_250_0.001_AdamW.pt
MSE: 0.8354104161262512
R^2: 0.9916260838508606
MAE: 0.548866331577301
CV: 1.3038828372955322
