Model: medium_layers_right_pyramid_500_5e-05_AdamW.pt
MSE: 0.5635657906532288
R^2: 0.9943509697914124
MAE: 0.41603490710258484
CV: 1.0709296464920044
Count: 3