Model: medium_layers_block_500_0.0001_Adam.pt
MSE: 0.7217876315116882
R^2: 0.9927650094032288
MAE: 0.48878175020217896
CV: 1.2119741439819336
Count: 3