Model: medium_layers_diamond_500_5e-05_AdamW.pt
MSE: 0.5980930924415588
R^2: 0.9940049052238464
MAE: 0.4042695164680481
CV: 1.1032476425170898
