Model: medium_layers_left_pyramid_500_0.0001_Adam.pt
MSE: 0.6465610265731812
R^2: 0.9935190677642822
MAE: 0.43648889660835266
CV: 1.1470791101455688
