Model: medium_layers_block_100_0.0005_Adam.pt
MSE: 0.8895271420478821
R^2: 0.9910836815834045
MAE: 0.6199015378952026
CV: 1.345452070236206
Count: 3