Model: medium_layers_left_pyramid_250_5e-05_AdamW.pt
MSE: 0.5676928162574768
R^2: 0.9943096041679382
MAE: 0.38864415884017944
CV: 1.0748436450958252
Count: 1
