Model: medium_layers_right_pyramid_100_0.0005_Adam.pt
MSE: 0.9143272638320923
R^2: 0.9908350706100464
MAE: 0.6249168515205383
CV: 1.3640787601470947
Count: 1
