Model: medium_layers_diamond_250_5e-05_AdamW.pt
MSE: 0.515937089920044
R^2: 0.9948284029960632
MAE: 0.36516737937927246
CV: 1.0246769189834595
Count: 3