Model: medium_layers_block_500_5e-05_AdamW.pt
MSE: 0.5993397235870361
R^2: 0.9939923882484436
MAE: 0.41608065366744995
CV: 1.1043968200683594
Count: 3