Model: medium_layers_block_100_0.0001_Adam.pt
MSE: 0.8383941650390625
R^2: 0.9915962219238281
MAE: 0.5816954970359802
CV: 1.3062092065811157
Count: 1
