Model: medium_layers_right_pyramid_100_0.0005_Adam.pt
MSE: 0.8827762007713318
R^2: 0.9911513328552246
MAE: 0.6163273453712463
CV: 1.3403366804122925
Count: 2