Model: medium_layers_left_pyramid_250_0.0005_AdamW.pt
MSE: 0.6298388242721558
R^2: 0.9936866760253906
MAE: 0.4334324598312378
CV: 1.132148265838623
Count: 3