Model: medium_layers_diamond_250_0.0001_Adam.pt
MSE: 0.6247204542160034
R^2: 0.9937379956245422
MAE: 0.42734068632125854
CV: 1.1275386810302734
Count: 1
