Model: medium_layers_left_pyramid_500_0.0001_AdamW.pt
MSE: 0.538042426109314
R^2: 0.9946068525314331
MAE: 0.3752399981021881
CV: 1.0463979244232178
Count: 3