Model: medium_layers_right_pyramid_250_5e-05_AdamW.pt
MSE: 0.5714495182037354
R^2: 0.994271993637085
MAE: 0.39414453506469727
CV: 1.0783942937850952
Count: 1
