Model: medium_layers_diamond_500_5e-05_AdamW.pt
MSE: 0.5680004954338074
R^2: 0.9943065643310547
MAE: 0.3704163134098053
CV: 1.0751348733901978
Count: 3