Model: medium_layers_block_250_0.0001_Adam.pt
MSE: 0.6015614867210388
R^2: 0.9939701557159424
MAE: 0.4230630695819855
CV: 1.1064419746398926
Count: 3