Model: medium_layers_left_pyramid_500_5e-05_Adam.pt
MSE: 0.6207215189933777
R^2: 0.9937781095504761
MAE: 0.4222930669784546
CV: 1.1239241361618042
Count: 1
