Model: medium_layers_block_500_5e-05_AdamW.pt
MSE: 0.6648584604263306
R^2: 0.9933356642723083
MAE: 0.45736852288246155
CV: 1.1631968021392822
Count: 1
