Model: medium_layers_left_pyramid_250_0.0005_AdamW.pt
MSE: 0.7720595002174377
R^2: 0.9922611117362976
MAE: 0.5367686748504639
CV: 1.2534701824188232
Count: 1
