Model: medium_layers_block_100_5e-05_Adam.pt
MSE: 0.8135374784469604
R^2: 0.9918453693389893
MAE: 0.5494476556777954
CV: 1.2867002487182617
Count: 1
