Model: medium_layers_block_100_0.0001_AdamW.pt
MSE: 0.6506350636482239
R^2: 0.9934782385826111
MAE: 0.44856250286102295
CV: 1.150687336921692
Count: 3