Model: medium_layers_block_100_0.0005_Adam.pt
MSE: 1.0533478260040283
R^2: 0.9894415736198425
MAE: 0.7205509543418884
CV: 1.4641127586364746
