Model: medium_layers_right_pyramid_100_5e-05_AdamW.pt
MSE: 0.6276963949203491
R^2: 0.9937081933021545
MAE: 0.4480479955673218
CV: 1.1302211284637451
Count: 1
