Model: medium_layers_block_100_5e-05_AdamW.pt
MSE: 0.7886477708816528
R^2: 0.9920948147773743
MAE: 0.5404385328292847
CV: 1.2668644189834595
