Model: medium_layers_block_100_0.0005_AdamW.pt
MSE: 1.8533488512039185
R^2: 0.9814226031303406
MAE: 1.087557077407837
CV: 1.9420804977416992
Count: 1
