Model: medium_layers_right_pyramid_500_0.0005_AdamW.pt
MSE: 1.0197925567626953
R^2: 0.9897779226303101
MAE: 0.6601755619049072
CV: 1.4406036138534546
