Model: medium_layers_block_250_5e-05_AdamW.pt
MSE: 0.5589090585708618
R^2: 0.9943976402282715
MAE: 0.3906629681587219
CV: 1.0664958953857422
Count: 3