Model: medium_layers_diamond_100_0.001_AdamW.pt
MSE: 0.858864426612854
R^2: 0.9913910031318665
MAE: 0.5890523195266724
CV: 1.3220592737197876
Count: 3