Model: medium_layers_diamond_500_5e-05_Adam.pt
MSE: 0.5795257687568665
R^2: 0.9941909909248352
MAE: 0.3817596435546875
CV: 1.08598792552948
Count: 3