Model: medium_layers_left_pyramid_250_0.0001_AdamW.pt
MSE: 0.5634343028068542
R^2: 0.9943522810935974
MAE: 0.3763396441936493
CV: 1.0708047151565552
Count: 1
