Model: medium_layers_right_pyramid_500_5e-05_Adam.pt
MSE: 0.5527610182762146
R^2: 0.9944592714309692
MAE: 0.3703855872154236
CV: 1.0606138706207275
Count: 1
