Model: medium_layers_right_pyramid_100_0.0001_Adam.pt
MSE: 0.629090428352356
R^2: 0.9936941862106323
MAE: 0.4370008707046509
CV: 1.131475567817688
Count: 2
