Model: medium_layers_diamond_100_5e-05_Adam.pt
MSE: 0.6317780613899231
R^2: 0.9936672449111938
MAE: 0.43615129590034485
CV: 1.13388991355896
Count: 1
