Model: medium_layers_left_pyramid_100_0.0005_Adam.pt
MSE: 0.9354187846183777
R^2: 0.9906236529350281
MAE: 0.618667483329773
CV: 1.3797221183776855
