Model: medium_layers_left_pyramid_500_5e-05_Adam.pt
MSE: 0.5972464680671692
R^2: 0.9940133690834045
MAE: 0.40461236238479614
CV: 1.1024664640426636
Count: 2