Model: medium_layers_block_100_0.001_AdamW.pt
MSE: 0.9899318218231201
R^2: 0.9900772571563721
MAE: 0.6544510722160339
CV: 1.4193557500839233
Count: 1
