Model: medium_layers_right_pyramid_250_0.0001_Adam.pt
MSE: 0.569183349609375
R^2: 0.9942947030067444
MAE: 0.4029514789581299
CV: 1.0762537717819214
Count: 3