Model: medium_layers_diamond_250_0.0001_AdamW.pt
MSE: 0.6008392572402954
R^2: 0.9939773678779602
MAE: 0.3990728259086609
CV: 1.1057775020599365
