Model: medium_layers_block_250_0.0001_AdamW.pt
MSE: 1.130203366279602
R^2: 0.9886711835861206
MAE: 0.7789059281349182
CV: 1.5165854692459106
