Model: medium_layers_right_pyramid_250_0.0005_AdamW.pt
MSE: 0.8305975794792175
R^2: 0.9916743636131287
MAE: 0.5742363929748535
CV: 1.300121545791626
Count: 2