Model: medium_layers_block_500_0.0001_Adam.pt
MSE: 0.7593708634376526
R^2: 0.9923883080482483
MAE: 0.5276095271110535
CV: 1.2431272268295288
