Model: medium_layers_block_500_0.001_Adam.pt
MSE: 0.7869163155555725
R^2: 0.9921122193336487
MAE: 0.5351175665855408
CV: 1.2654730081558228
Count: 3
