Model: medium_layers_left_pyramid_250_0.001_Adam.pt
MSE: 1.8448480367660522
R^2: 0.9815078377723694
MAE: 1.0436702966690063
CV: 1.9376212358474731
