Model: medium_layers_left_pyramid_100_0.0001_Adam.pt
MSE: 0.5690807700157166
R^2: 0.9942957162857056
MAE: 0.3873366117477417
CV: 1.0761568546295166
Count: 3