Model: medium_layers_right_pyramid_100_0.0001_Adam.pt
MSE: 0.6156678199768066
R^2: 0.9938287138938904
MAE: 0.42964133620262146
CV: 1.1193394660949707
Count: 3