Model: medium_layers_right_pyramid_100_0.0005_Adam.pt
MSE: 0.7291339039802551
R^2: 0.9926913976669312
MAE: 0.5011788606643677
CV: 1.2181261777877808
Count: 3