Model: medium_layers_diamond_500_0.0001_Adam.pt
MSE: 0.6263394951820374
R^2: 0.9937217831611633
MAE: 0.4245980978012085
CV: 1.128998875617981
