Model: medium_layers_left_pyramid_100_0.0005_AdamW.pt
MSE: 0.6303620934486389
R^2: 0.9936814308166504
MAE: 0.4347967207431793
CV: 1.1326185464859009
Count: 3
