Model: small_layers_left_pyramid_250_5e-05_Adam.pt
MSE: 0.6283657550811768
R^2: 0.9937014579772949
MAE: 0.4746659994125366
CV: 1.1308236122131348
Count: 1
