Model: small_layers_block_100_0.0001_AdamW.pt
MSE: 0.6574215292930603
R^2: 0.9934102296829224
MAE: 0.44749942421913147
CV: 1.1566729545593262
Count: 3