Model: small_layers_block_250_0.001_AdamW.pt
MSE: 0.9672179222106934
R^2: 0.9903048872947693
MAE: 0.6769205331802368
CV: 1.402977705001831
Count: 1
