Model: small_layers_diamond_500_0.0001_Adam.pt
MSE: 0.5703554749488831
R^2: 0.9942829608917236
MAE: 0.41668760776519775
CV: 1.0773613452911377
Count: 3