Model: small_layers_right_pyramid_250_0.001_Adam.pt
MSE: 0.8911422491073608
R^2: 0.9910674691200256
MAE: 0.5917356610298157
CV: 1.3466728925704956
Count: 3