Model: small_layers_diamond_250_0.001_AdamW.pt
MSE: 1.2082033157348633
R^2: 0.9878893494606018
MAE: 0.8073990345001221
CV: 1.5680452585220337
Count: 3