Model: small_layers_diamond_250_0.0001_Adam.pt
MSE: 0.5915327072143555
R^2: 0.9940706491470337
MAE: 0.4302084445953369
CV: 1.0971802473068237
Count: 3