Model: small_layers_block_100_0.001_AdamW.pt
MSE: 0.8966716527938843
R^2: 0.9910120368003845
MAE: 0.624137818813324
CV: 1.350844383239746
Count: 1
