Model: small_layers_left_pyramid_250_0.0005_Adam.pt
MSE: 0.6421857476234436
R^2: 0.9935629367828369
MAE: 0.4363369941711426
CV: 1.1431913375854492
Count: 1
