Model: small_layers_left_pyramid_500_0.0001_Adam.pt
MSE: 0.603775680065155
R^2: 0.9939479231834412
MAE: 0.41123831272125244
CV: 1.1084762811660767
Count: 1
