Model: small_layers_block_100_0.0001_Adam.pt
MSE: 0.647066593170166
R^2: 0.9935140013694763
MAE: 0.44037750363349915
CV: 1.1475275754928589
Count: 3
