Model: small_layers_left_pyramid_250_0.0001_AdamW.pt
MSE: 0.7015503644943237
R^2: 0.9929679036140442
MAE: 0.5207898616790771
CV: 1.1948628425598145
Count: 1
