Model: small_layers_block_500_0.0001_AdamW.pt
MSE: 0.5987301468849182
R^2: 0.9939985275268555
MAE: 0.41548681259155273
CV: 1.1038349866867065
Count: 3