Model: small_layers_diamond_100_5e-05_Adam.pt
MSE: 0.6416236758232117
R^2: 0.9935685396194458
MAE: 0.4362677335739136
CV: 1.1426910161972046
Count: 3