Model: small_layers_left_pyramid_250_5e-05_Adam.pt
MSE: 0.5856098532676697
R^2: 0.99413001537323
MAE: 0.40200933814048767
CV: 1.0916736125946045
Count: 3