Model: small_layers_block_500_5e-05_Adam.pt
MSE: 0.6216548085212708
R^2: 0.9937687516212463
MAE: 0.42954763770103455
CV: 1.124768853187561
Count: 3
