Model: small_layers_block_250_0.001_AdamW.pt
MSE: 0.7712280750274658
R^2: 0.9922694563865662
MAE: 0.5377068519592285
CV: 1.2527951002120972
Count: 3