Model: small_layers_left_pyramid_100_0.0001_AdamW.pt
MSE: 0.6479746699333191
R^2: 0.9935048818588257
MAE: 0.43643760681152344
CV: 1.1483323574066162
