Model: small_layers_left_pyramid_100_0.001_AdamW.pt
MSE: 1.5808541774749756
R^2: 0.9841539859771729
MAE: 1.0152921676635742
CV: 1.7936369180679321
Count: 1
