Model: small_layers_left_pyramid_100_0.001_Adam.pt
MSE: 1.0006957054138184
R^2: 0.9899693131446838
MAE: 0.6678481698036194
CV: 1.427051305770874
