Model: small_layers_block_500_0.001_Adam.pt
MSE: 0.7929688096046448
R^2: 0.9920515418052673
MAE: 0.5499178767204285
CV: 1.2703303098678589
