Model: small_layers_block_250_0.0001_Adam.pt
MSE: 0.6435602307319641
R^2: 0.9935491681098938
MAE: 0.4454362690448761
CV: 1.1444140672683716
