Model: small_layers_block_250_5e-05_AdamW.pt
MSE: 0.6125224232673645
R^2: 0.9938602447509766
MAE: 0.4105270802974701
CV: 1.1164765357971191
Count: 3