Model: small_layers_block_100_5e-05_Adam.pt
MSE: 0.643171489238739
R^2: 0.9935530424118042
MAE: 0.4459419250488281
CV: 1.1440683603286743
Count: 3
