Model: small_layers_diamond_250_0.0005_Adam.pt
MSE: 0.887834906578064
R^2: 0.9911006093025208
MAE: 0.6209169030189514
CV: 1.3441715240478516
Count: 1
