Model: small_layers_left_pyramid_500_0.0001_AdamW.pt
MSE: 0.5877664089202881
R^2: 0.9941084384918213
MAE: 0.39355602860450745
CV: 1.093681812286377
