Model: small_layers_right_pyramid_100_0.0001_Adam.pt
MSE: 0.6448705196380615
R^2: 0.9935359954833984
MAE: 0.44484999775886536
CV: 1.1455785036087036
Count: 3