Model: small_layers_diamond_250_5e-05_AdamW.pt
MSE: 0.666388750076294
R^2: 0.9933203458786011
MAE: 0.4891606569290161
CV: 1.1645346879959106
