Model: small_layers_diamond_500_0.0005_AdamW.pt
MSE: 0.7910970449447632
R^2: 0.9920703172683716
MAE: 0.568982720375061
CV: 1.2688301801681519
Count: 1
