Model: small_layers_right_pyramid_250_0.0001_AdamW.pt
MSE: 0.6440864205360413
R^2: 0.9935438632965088
MAE: 0.454099178314209
CV: 1.1448819637298584
