Model: small_layers_right_pyramid_100_0.0001_AdamW.pt
MSE: 0.6568946838378906
R^2: 0.9934154748916626
MAE: 0.4500395655632019
CV: 1.1562093496322632
Count: 3