Model: small_layers_right_pyramid_500_0.0005_AdamW.pt
MSE: 0.6332100033760071
R^2: 0.993652880191803
MAE: 0.4352090656757355
CV: 1.1351741552352905
