Model: small_layers_diamond_500_5e-05_AdamW.pt
MSE: 0.5923994779586792
R^2: 0.9940619468688965
MAE: 0.43678566813468933
CV: 1.097983717918396
Count: 3