Model: small_layers_diamond_500_5e-05_Adam.pt
MSE: 0.5675964951515198
R^2: 0.9943106174468994
MAE: 0.38361793756484985
CV: 1.0747524499893188
