Model: small_layers_diamond_250_0.0005_AdamW.pt
MSE: 0.7965240478515625
R^2: 0.9920158982276917
MAE: 0.5439655780792236
CV: 1.2731748819351196
