Model: small_layers_left_pyramid_250_0.0001_Adam.pt
MSE: 1.1605281829833984
R^2: 0.9883671998977661
MAE: 0.789552628993988
CV: 1.5367968082427979
