Model: small_layers_diamond_100_5e-05_AdamW.pt
MSE: 0.6196637153625488
R^2: 0.9937886595726013
MAE: 0.41154536604881287
CV: 1.1229661703109741
Count: 3