Model: small_layers_block_250_0.0001_AdamW.pt
MSE: 0.6320595145225525
R^2: 0.9936644434928894
MAE: 0.4327250123023987
CV: 1.134142518043518
Count: 3