Model: small_layers_right_pyramid_500_0.0001_AdamW.pt
MSE: 0.587043821811676
R^2: 0.9941156506538391
MAE: 0.40945401787757874
CV: 1.093009352684021
Count: 3