Model: small_layers_diamond_250_0.0005_AdamW.pt
MSE: 0.725724995136261
R^2: 0.9927255511283875
MAE: 0.5035305023193359
CV: 1.2152751684188843
Count: 3