Model: small_layers_diamond_250_0.0001_AdamW.pt
MSE: 0.7006945013999939
R^2: 0.9929764270782471
MAE: 0.48284661769866943
CV: 1.1941337585449219
