Model: small_layers_right_pyramid_500_0.0001_Adam.pt
MSE: 0.6240058541297913
R^2: 0.9937451481819153
MAE: 0.4320228695869446
CV: 1.1268937587738037
