Model: small_layers_left_pyramid_100_0.0001_Adam.pt
MSE: 0.5545012354850769
R^2: 0.9943890571594238
MAE: 0.4121841490268707
CV: 1.0589792728424072
