Model: small_layers_left_pyramid_100_0.0005_Adam.pt
MSE: 0.7186521291732788
R^2: 0.9927964806556702
MAE: 0.516294002532959
CV: 1.209338665008545
Count: 3