Model: small_layers_diamond_250_0.0001_Adam.pt
MSE: 0.8020274043083191
R^2: 0.9919607043266296
MAE: 0.5490493178367615
CV: 1.2775657176971436
Count: 1
