Model: small_layers_block_250_5e-05_Adam.pt
MSE: 0.5908518433570862
R^2: 0.9940775036811829
MAE: 0.4053610861301422
CV: 1.0965486764907837
Count: 1
