Model: small_layers_diamond_100_0.0001_Adam.pt
MSE: 0.7287948131561279
R^2: 0.9926947951316833
MAE: 0.48562508821487427
CV: 1.2178428173065186
Count: 1
