Model: small_layers_left_pyramid_500_0.0005_AdamW.pt
MSE: 0.6725665330886841
R^2: 0.9932584166526794
MAE: 0.4737231731414795
CV: 1.1699202060699463
Count: 3