Model: small_layers_right_pyramid_500_0.0005_Adam.pt
MSE: 0.6633774638175964
R^2: 0.9933505058288574
MAE: 0.44934162497520447
CV: 1.1619006395339966
Count: 1
