Model: small_layers_diamond_250_0.001_Adam.pt
MSE: 0.6808630228042603
R^2: 0.9931752681732178
MAE: 0.465589314699173
CV: 1.1771138906478882
Count: 3