Model: small_layers_diamond_100_0.0005_Adam.pt
MSE: 0.7969287633895874
R^2: 0.9920118451118469
MAE: 0.5133352279663086
CV: 1.2734981775283813
