Model: small_layers_block_250_0.001_Adam.pt
MSE: 0.7524300813674927
R^2: 0.9924578666687012
MAE: 0.4956696927547455
CV: 1.2374330759048462
Count: 3