Model: small_layers_block_500_0.0001_AdamW.pt
MSE: 0.6321128010749817
R^2: 0.9936639070510864
MAE: 0.4195913076400757
CV: 1.1341902017593384
Count: 1
