Model: small_layers_diamond_100_0.001_Adam.pt
MSE: 0.9190168380737305
R^2: 0.9907880425453186
MAE: 0.6008456945419312
CV: 1.367572546005249
