Model: small_layers_diamond_100_0.001_AdamW.pt
MSE: 0.936486005783081
R^2: 0.9906129837036133
MAE: 0.6233059167861938
CV: 1.3805090188980103
Count: 3
