Model: small_layers_left_pyramid_500_0.0005_Adam.pt
MSE: 0.7030310034751892
R^2: 0.9929530620574951
MAE: 0.48784512281417847
CV: 1.1961230039596558
Count: 3