Model: small_layers_right_pyramid_500_0.001_AdamW.pt
MSE: 0.7920865416526794
R^2: 0.9920603632926941
MAE: 0.536171555519104
CV: 1.2696233987808228
Count: 1
