Model: small_layers_left_pyramid_500_0.0005_AdamW.pt
MSE: 0.7654197812080383
R^2: 0.9923276901245117
MAE: 0.5478400588035583
CV: 1.2480685710906982
Count: 1
