Model: small_layers_left_pyramid_100_5e-05_AdamW.pt
MSE: 0.5483672618865967
R^2: 0.994451105594635
MAE: 0.40940061211586
CV: 1.0531057119369507
