Model: small_layers_left_pyramid_100_0.0005_AdamW.pt
MSE: 0.68437260389328
R^2: 0.993074893951416
MAE: 0.5103890299797058
CV: 1.1764745712280273
