Model: small_layers_block_250_0.0005_Adam.pt
MSE: 0.6971003413200378
R^2: 0.9930124878883362
MAE: 0.46286317706108093
CV: 1.191067099571228
Count: 3