Model: small_layers_left_pyramid_250_5e-05_AdamW.pt
MSE: 0.5725686550140381
R^2: 0.9942607283592224
MAE: 0.4098820388317108
CV: 1.0794496536254883
Count: 1
