Model: small_layers_left_pyramid_250_0.0001_AdamW.pt
MSE: 0.6121499538421631
R^2: 0.9938639998435974
MAE: 0.42418667674064636
CV: 1.1161370277404785
Count: 3