Model: small_layers_right_pyramid_250_0.0005_Adam.pt
MSE: 0.6413889527320862
R^2: 0.9935709238052368
MAE: 0.4532789885997772
CV: 1.1424819231033325
Count: 3