Model: small_layers_diamond_250_5e-05_Adam.pt
MSE: 0.5758793354034424
R^2: 0.9942275881767273
MAE: 0.39766374230384827
CV: 1.0825659036636353
Count: 3