Model: small_layers_block_500_0.0005_AdamW.pt
MSE: 0.6926449537277222
R^2: 0.993057131767273
MAE: 0.47728782892227173
CV: 1.187254786491394
Count: 1
