Model: small_layers_left_pyramid_100_0.0005_Adam.pt
MSE: 0.9370442032814026
R^2: 0.9905181527137756
MAE: 0.6914949417114258
CV: 1.376626968383789
