Model: small_layers_right_pyramid_250_0.001_AdamW.pt
MSE: 0.7790740132331848
R^2: 0.9921907782554626
MAE: 0.5324521064758301
CV: 1.2591514587402344
Count: 1
