Model: small_layers_left_pyramid_100_0.001_Adam.pt
MSE: 2.206388473510742
R^2: 0.9776737689971924
MAE: 1.1686159372329712
CV: 2.112405300140381
