Model: small_layers_block_500_0.0005_Adam.pt
MSE: 0.6382216811180115
R^2: 0.9936026930809021
MAE: 0.4192090332508087
CV: 1.1396576166152954
Count: 3
