Model: small_layers_left_pyramid_250_0.0001_Adam.pt
MSE: 0.596544623374939
R^2: 0.994020402431488
MAE: 0.40811559557914734
CV: 1.1018184423446655
Count: 3