Model: small_layers_left_pyramid_100_0.0001_AdamW.pt
MSE: 0.6367119550704956
R^2: 0.9936177730560303
MAE: 0.437655508518219
CV: 1.1383088827133179
Count: 3