Model: small_layers_left_pyramid_100_0.0001_Adam.pt
MSE: 0.8294625878334045
R^2: 0.9916857481002808
MAE: 0.5981438755989075
CV: 1.299232840538025
