Model: small_layers_right_pyramid_500_0.001_Adam.pt
MSE: 0.859581708908081
R^2: 0.9913837909698486
MAE: 0.6241129040718079
CV: 1.3226112127304077
