Model: small_layers_diamond_250_0.0001_AdamW.pt
MSE: 0.5610367059707642
R^2: 0.9943763613700867
MAE: 0.3837592303752899
CV: 1.06852388381958
Count: 3