Model: small_layers_block_250_0.0001_Adam.pt
MSE: 0.6114854216575623
R^2: 0.9938706755638123
MAE: 0.4110994338989258
CV: 1.1155309677124023
Count: 3