Model: small_layers_right_pyramid_100_0.001_AdamW.pt
MSE: 0.7851518392562866
R^2: 0.9921298623085022
MAE: 0.5501391887664795
CV: 1.264053463935852
