Model: small_layers_left_pyramid_10_0.001_Adam.pt
MSE: 5.040154457092285
R^2: 0.9494790434837341
MAE: 1.7822822332382202
CV: 3.202657699584961
Count: 2