Model: small_layers_diamond_100_0.0001_AdamW.pt
MSE: 0.7580571174621582
R^2: 0.9924014806747437
MAE: 0.5059030055999756
CV: 1.2420514822006226
Count: 1
