Model: small_layers_left_pyramid_500_0.001_AdamW.pt
MSE: 0.6488723754882812
R^2: 0.9934958815574646
MAE: 0.4531278610229492
CV: 1.14912748336792
Count: 1
