Model: small_layers_right_pyramid_250_5e-05_Adam.pt
MSE: 0.6029808521270752
R^2: 0.9939559102058411
MAE: 0.41589969396591187
CV: 1.1077464818954468
