Model: small_layers_diamond_500_0.0001_Adam.pt
MSE: 0.5730795860290527
R^2: 0.9942556023597717
MAE: 0.3881921172142029
CV: 1.0799311399459839
Count: 1
