Model: small_layers_left_pyramid_250_0.0005_AdamW.pt
MSE: 0.6492082476615906
R^2: 0.9934925436973572
MAE: 0.44372886419296265
CV: 1.1494249105453491
Count: 1
