Model: small_layers_diamond_100_0.0001_Adam.pt
MSE: 0.6424568295478821
R^2: 0.9935601949691772
MAE: 0.4281550645828247
CV: 1.1434327363967896
Count: 3