Model: small_layers_diamond_500_5e-05_AdamW.pt
MSE: 0.6500608325004578
R^2: 0.9934840202331543
MAE: 0.4728596806526184
CV: 1.1501795053482056
Count: 1
