Model: small_layers_diamond_100_0.0005_AdamW.pt
MSE: 1.095357060432434
R^2: 0.9890204668045044
MAE: 0.7619466185569763
CV: 1.4930229187011719
Count: 3