Model: small_layers_diamond_100_0.0005_AdamW.pt
MSE: 1.4944339990615845
R^2: 0.9850202798843384
MAE: 0.9416437149047852
CV: 1.7439216375350952
Count: 1
