Model: small_layers_block_500_0.001_AdamW.pt
MSE: 0.7856655120849609
R^2: 0.9921247363090515
MAE: 0.5358462333679199
CV: 1.2644668817520142
Count: 1
