Model: small_layers_right_pyramid_100_5e-05_AdamW.pt
MSE: 0.6430408358573914
R^2: 0.9935543537139893
MAE: 0.44423267245292664
CV: 1.1439521312713623
Count: 3