Model: small_layers_left_pyramid_100_0.0005_Adam.pt
MSE: 0.8038285970687866
R^2: 0.9919426441192627
MAE: 0.5543341040611267
CV: 1.2789994478225708
Count: 1
