Model: small_layers_right_pyramid_500_0.0001_AdamW.pt
MSE: 0.6258736252784729
R^2: 0.9937264323234558
MAE: 0.43182113766670227
CV: 1.1285789012908936
