Model: small_layers_right_pyramid_250_0.0005_AdamW.pt
MSE: 0.6430929899215698
R^2: 0.9935538172721863
MAE: 0.45425015687942505
CV: 1.1439985036849976
Count: 3