Model: small_layers_block_500_5e-05_AdamW.pt
MSE: 0.5570000410079956
R^2: 0.9944168329238892
MAE: 0.3756043016910553
CV: 1.0646729469299316
Count: 3