Model: small_layers_diamond_250_5e-05_AdamW.pt
MSE: 0.5557802319526672
R^2: 0.9944290518760681
MAE: 0.3714737296104431
CV: 1.0635064840316772
Count: 3