Model: small_layers_right_pyramid_100_0.0005_AdamW.pt
MSE: 0.8467336297035217
R^2: 0.9915125966072083
MAE: 0.585915207862854
CV: 1.3126895427703857
Count: 3