Model: small_layers_diamond_500_0.001_AdamW.pt
MSE: 0.691608726978302
R^2: 0.9930675029754639
MAE: 0.4813482165336609
CV: 1.186366319656372
Count: 3