Model: small_layers_left_pyramid_500_0.001_Adam.pt
MSE: 0.8911998271942139
R^2: 0.9910668730735779
MAE: 0.6125791668891907
CV: 1.3467164039611816
Count: 1
