Model: small_layers_right_pyramid_250_5e-05_AdamW.pt
MSE: 0.5760317444801331
R^2: 0.9942260384559631
MAE: 0.3867078721523285
CV: 1.0827091932296753
