Model: small_layers_block_250_0.0005_Adam.pt
MSE: 1.4472111463546753
R^2: 0.9854936003684998
MAE: 0.9627318978309631
CV: 1.7161474227905273
