Model: small_layers_right_pyramid_500_5e-05_AdamW.pt
MSE: 0.654090940952301
R^2: 0.9934436082839966
MAE: 0.45782041549682617
CV: 1.1537392139434814
