Model: small_layers_left_pyramid_100_0.0001_Adam.pt
MSE: 0.6609352827072144
R^2: 0.9933750033378601
MAE: 0.4595761001110077
CV: 1.1597598791122437
Count: 3