Model: small_layers_left_pyramid_250_0.001_AdamW.pt
MSE: 0.937592089176178
R^2: 0.9906018972396851
MAE: 0.6286767721176147
CV: 1.381324052810669
