Model: small_layers_diamond_500_0.0001_AdamW.pt
MSE: 0.6095120310783386
R^2: 0.9938904643058777
MAE: 0.4166700541973114
CV: 1.1137295961380005
Count: 3
