Model: small_layers_left_pyramid_100_0.0001_AdamW.pt
MSE: 0.5470893979072571
R^2: 0.9944640398025513
MAE: 0.4077473282814026
CV: 1.0518779754638672
