Model: small_layers_right_pyramid_500_0.001_Adam.pt
MSE: 0.6623433232307434
R^2: 0.9933608770370483
MAE: 0.4696930944919586
CV: 1.1609946489334106
Count: 3