Model: small_layers_right_pyramid_250_0.0005_Adam.pt
MSE: 0.6426741480827332
R^2: 0.9935580492019653
MAE: 0.4379773736000061
CV: 1.1436259746551514
Count: 1
