Model: small_layers_right_pyramid_250_0.0001_Adam.pt
MSE: 0.6153866052627563
R^2: 0.9938315749168396
MAE: 0.40966296195983887
CV: 1.1190837621688843
Count: 1
