Model: small_layers_left_pyramid_100_0.001_AdamW.pt
MSE: 1.060473918914795
R^2: 0.9892691373825073
MAE: 0.7539049386978149
CV: 1.4644893407821655
