Model: small_layers_left_pyramid_100_5e-05_Adam.pt
MSE: 0.5408291220664978
R^2: 0.9945273995399475
MAE: 0.4044473469257355
CV: 1.0458424091339111
