Model: small_layers_diamond_500_0.001_Adam.pt
MSE: 0.8365463018417358
R^2: 0.9916146993637085
MAE: 0.6027945280075073
CV: 1.3047689199447632
