Model: small_layers_left_pyramid_100_0.001_Adam.pt
MSE: 0.9280526041984558
R^2: 0.9906975030899048
MAE: 0.6459119319915771
CV: 1.3742790222167969
Count: 3