Model: small_layers_left_pyramid_500_0.0005_Adam.pt
MSE: 0.7491024136543274
R^2: 0.9924912452697754
MAE: 0.55860435962677
CV: 1.2346936464309692
Count: 1
