Model: small_layers_right_pyramid_100_0.0001_AdamW.pt
MSE: 0.669224202632904
R^2: 0.9932919144630432
MAE: 0.46640193462371826
CV: 1.1670095920562744
Count: 1
