Model: small_layers_diamond_500_0.0005_Adam.pt
MSE: 1.5128905773162842
R^2: 0.9848352670669556
MAE: 0.8783310055732727
CV: 1.754657506942749
