Model: small_layers_right_pyramid_100_5e-05_Adam.pt
MSE: 0.6579005718231201
R^2: 0.9934054017066956
MAE: 0.452706515789032
CV: 1.1570942401885986
Count: 1
