Model: small_layers_block_250_5e-05_AdamW.pt
MSE: 0.6453578472137451
R^2: 0.9935311079025269
MAE: 0.46317827701568604
CV: 1.1460113525390625
Count: 1
