Model: small_layers_left_pyramid_100_0.0005_AdamW.pt
MSE: 0.7173786759376526
R^2: 0.9928092360496521
MAE: 0.5134650468826294
CV: 1.2082668542861938
Count: 3