Model: small_layers_right_pyramid_500_5e-05_AdamW.pt
MSE: 0.5694811940193176
R^2: 0.9942917227745056
MAE: 0.4002021849155426
CV: 1.0765354633331299
Count: 3