Model: small_layers_right_pyramid_250_0.0001_AdamW.pt
MSE: 0.5942246913909912
R^2: 0.9940436482429504
MAE: 0.42316386103630066
CV: 1.0996739864349365
Count: 3