Model: small_layers_left_pyramid_100_5e-05_AdamW.pt
MSE: 0.6225284934043884
R^2: 0.9937599897384644
MAE: 0.427578330039978
CV: 1.1255589723587036
Count: 3