Model: small_layers_left_pyramid_100_5e-05_AdamW.pt
MSE: 0.6690939664840698
R^2: 0.9932932257652283
MAE: 0.47319313883781433
CV: 1.166896104812622
