Model: small_layers_left_pyramid_250_0.001_Adam.pt
MSE: 1.064152479171753
R^2: 0.9893332719802856
MAE: 0.7181714773178101
CV: 1.4716026782989502
