Model: small_layers_left_pyramid_500_5e-05_AdamW.pt
MSE: 0.5636566281318665
R^2: 0.9943500757217407
MAE: 0.369153767824173
CV: 1.0710159540176392
Count: 3
