Model: small_layers_right_pyramid_100_5e-05_AdamW.pt
MSE: 0.6489684581756592
R^2: 0.9934949278831482
MAE: 0.44265028834342957
CV: 1.1492127180099487
Count: 1
