Model: small_layers_diamond_500_0.0005_Adam.pt
MSE: 0.619305431842804
R^2: 0.9937922954559326
MAE: 0.4275679588317871
CV: 1.1226413249969482
Count: 3