Model: small_layers_right_pyramid_100_5e-05_Adam.pt
MSE: 0.6429187059402466
R^2: 0.9935556054115295
MAE: 0.44693154096603394
CV: 1.1438435316085815
Count: 3