Model: small_layers_left_pyramid_100_5e-05_Adam.pt
MSE: 0.6371644735336304
R^2: 0.9936132431030273
MAE: 0.4287293255329132
CV: 1.1387133598327637
Count: 1
