Model: small_layers_block_500_0.0001_Adam.pt
MSE: 0.6297757029533386
R^2: 0.9936873316764832
MAE: 0.42498019337654114
CV: 1.1320916414260864
