Model: small_layers_block_250_0.001_Adam.pt
MSE: 1.999765157699585
R^2: 0.9799549579620361
MAE: 1.1983106136322021
CV: 2.0173354148864746
