Model: small_layers_diamond_500_0.0005_AdamW.pt
MSE: 0.6545469164848328
R^2: 0.9934390187263489
MAE: 0.4715796709060669
CV: 1.1541413068771362
Count: 3