Model: small_layers_right_pyramid_100_0.0005_AdamW.pt
MSE: 0.9456645846366882
R^2: 0.9905209541320801
MAE: 0.6476656198501587
CV: 1.3872578144073486
