Model: small_layers_diamond_250_5e-05_Adam.pt
MSE: 0.6128624677658081
R^2: 0.9938568472862244
MAE: 0.43180546164512634
CV: 1.1167864799499512
Count: 1
