Model: small_layers_block_100_0.0005_Adam.pt
MSE: 0.7142866849899292
R^2: 0.9928402304649353
MAE: 0.4934293329715729
CV: 1.205660104751587
