Model: small_layers_diamond_250_0.001_AdamW.pt
MSE: 1.3250200748443604
R^2: 0.9867184162139893
MAE: 0.8159728050231934
CV: 1.6421009302139282
