Model: small_layers_diamond_500_0.001_Adam.pt
MSE: 0.643577516078949
R^2: 0.9935489892959595
MAE: 0.44373664259910583
CV: 1.1444294452667236
Count: 3