Model: small_layers_block_100_0.0005_AdamW.pt
MSE: 0.912420928478241
R^2: 0.9908542037010193
MAE: 0.6619867086410522
CV: 1.3626561164855957
Count: 1
