Model: small_layers_left_pyramid_100_5e-05_Adam.pt
MSE: 0.6225823163986206
R^2: 0.9937594532966614
MAE: 0.42522284388542175
CV: 1.1256074905395508
Count: 3