Model: small_layers_diamond_100_0.0005_Adam.pt
MSE: 0.7522366046905518
R^2: 0.9924598336219788
MAE: 0.5267806053161621
CV: 1.2372738122940063
Count: 3