Model: small_layers_left_pyramid_250_0.001_AdamW.pt
MSE: 0.7065657377243042
R^2: 0.9929175972938538
MAE: 0.49748754501342773
CV: 1.199126124382019
Count: 3