Model: small_layers_diamond_500_0.001_AdamW.pt
MSE: 0.7088082432746887
R^2: 0.9928951263427734
MAE: 0.49504533410072327
CV: 1.2010276317596436
Count: 1
