Model: small_layers_left_pyramid_100_0.0005_AdamW.pt
MSE: 0.7976830005645752
R^2: 0.9920042753219604
MAE: 0.5722275972366333
CV: 1.2741007804870605
Count: 1
