Model: small_layers_right_pyramid_250_0.001_Adam.pt
MSE: 1.1361827850341797
R^2: 0.9886112809181213
MAE: 0.7940517663955688
CV: 1.5205920934677124
