Model: small_layers_left_pyramid_100_0.001_AdamW.pt
MSE: 0.8768667578697205
R^2: 0.9912105798721313
MAE: 0.5959515571594238
CV: 1.3358428478240967
Count: 3