Model: small_layers_block_100_5e-05_AdamW.pt
MSE: 0.613102912902832
R^2: 0.9938544631004333
MAE: 0.4156762957572937
CV: 1.117005467414856
