Model: small_layers_diamond_250_0.0005_Adam.pt
MSE: 0.5812829732894897
R^2: 0.9941734075546265
MAE: 0.4005398154258728
CV: 1.0876330137252808
Count: 3