Model: small_layers_block_250_0.0005_AdamW.pt
MSE: 0.7307607531547546
R^2: 0.9926750659942627
MAE: 0.5075663924217224
CV: 1.2194843292236328
