Model: small_layers_right_pyramid_100_0.0001_Adam.pt
MSE: 0.7042121291160583
R^2: 0.9929412007331848
MAE: 0.49277785420417786
CV: 1.197127342224121
Count: 1
