Model: small_layers_right_pyramid_100_0.001_Adam.pt
MSE: 0.8617377281188965
R^2: 0.9913622140884399
MAE: 0.5881306529045105
CV: 1.3242688179016113
Count: 1
