Model: small_layers_right_pyramid_250_5e-05_Adam.pt
MSE: 0.5784722566604614
R^2: 0.9942016005516052
MAE: 0.38978609442710876
CV: 1.0850002765655518
Count: 3