Model: small_layers_block_100_0.001_Adam.pt
MSE: 1.0800338983535767
R^2: 0.9891740679740906
MAE: 0.7233616709709167
CV: 1.4825429916381836
