Model: small_layers_right_pyramid_250_0.0005_AdamW.pt
MSE: 0.9259761571884155
R^2: 0.9907183051109314
MAE: 0.6679485440254211
CV: 1.3727407455444336
Count: 1
