Model: small_layers_right_pyramid_500_0.0005_Adam.pt
MSE: 0.6571102142333984
R^2: 0.9934133291244507
MAE: 0.4784936308860779
CV: 1.1563990116119385
Count: 3