Model: small_layers_block_250_0.0001_AdamW.pt
MSE: 0.7289791107177734
R^2: 0.9926929473876953
MAE: 0.5453843474388123
CV: 1.2179968357086182
Count: 1
