Model: small_layers_block_500_5e-05_AdamW.pt
MSE: 0.6169788241386414
R^2: 0.9938156008720398
MAE: 0.41669878363609314
CV: 1.1205307245254517
