Model: small_layers_left_pyramid_500_5e-05_Adam.pt
MSE: 0.5633732080459595
R^2: 0.9943529367446899
MAE: 0.37637367844581604
CV: 1.0707465410232544
Count: 3
