Model: small_layers_left_pyramid_500_0.001_Adam.pt
MSE: 0.7350793480873108
R^2: 0.9926317930221558
MAE: 0.49072161316871643
CV: 1.223082423210144
Count: 3