Model: small_layers_right_pyramid_100_0.0005_Adam.pt
MSE: 0.7164908647537231
R^2: 0.9928181171417236
MAE: 0.4910220503807068
CV: 1.2075189352035522
Count: 3