Model: small_layers_right_pyramid_100_0.0005_Adam.pt
MSE: 0.8136038780212402
R^2: 0.9918447136878967
MAE: 0.576846718788147
CV: 1.2867528200149536
Count: 1
