Model: small_layers_left_pyramid_250_0.0005_AdamW.pt
MSE: 0.6375550031661987
R^2: 0.9936093688011169
MAE: 0.4287315309047699
CV: 1.1390622854232788
Count: 3