Model: small_layers_left_pyramid_250_0.001_Adam.pt
MSE: 0.66251140832901
R^2: 0.9933592081069946
MAE: 0.4591314196586609
CV: 1.1611418724060059
Count: 3