Model: small_layers_diamond_500_5e-05_Adam.pt
MSE: 0.5404513478279114
R^2: 0.9945827126502991
MAE: 0.3736342191696167
CV: 1.0487377643585205
Count: 3