Model: small_layers_right_pyramid_500_0.0001_Adam.pt
MSE: 0.5824741125106812
R^2: 0.9941614866256714
MAE: 0.406803697347641
CV: 1.0887469053268433
Count: 3