Model: small_layers_right_pyramid_500_5e-05_Adam.pt
MSE: 0.5805072784423828
R^2: 0.9941811561584473
MAE: 0.39504626393318176
CV: 1.086907148361206
Count: 3
