Model: small_layers_diamond_100_0.0001_AdamW.pt
MSE: 0.6451476216316223
R^2: 0.9935332536697388
MAE: 0.44324156641960144
CV: 1.1458245515823364
Count: 3