Model: small_layers_diamond_250_0.001_Adam.pt
MSE: 0.9892125725746155
R^2: 0.9900844693183899
MAE: 0.6722379326820374
CV: 1.418839931488037
