Model: small_layers_diamond_100_5e-05_AdamW.pt
MSE: 0.7067182064056396
R^2: 0.9929160475730896
MAE: 0.4704640507698059
CV: 1.1992555856704712
