Model: small_layers_block_100_0.0001_AdamW.pt
MSE: 0.7517460584640503
R^2: 0.9924647212028503
MAE: 0.5473637580871582
CV: 1.236870288848877
