Model: small_layers_diamond_100_5e-05_Adam.pt
MSE: 0.7114027142524719
R^2: 0.9928691387176514
MAE: 0.46908119320869446
CV: 1.203223705291748
