Model: small_layers_block_500_0.0001_Adam.pt
MSE: 0.6222436428070068
R^2: 0.9937628507614136
MAE: 0.4222750961780548
CV: 1.1253013610839844
Count: 3